{"producer":{"name":"Blender","version":"2.79 (sub 0)","exporter_version":"5.6.4","file":"kawaii.babylon"},
"autoClear":true,"clearColor":[0.0509,0.0509,0.0509],"ambientColor":[0,0,0],"gravity":[0,-9.81,0],
"materials":[{"name":"kawaii.Purple","id":"kawaii.Purple","ambient":[0.162,0,0.4735],"diffuse":[0.1296,0,0.3788],"specular":[0.5,0.5,0.5],"emissive":[0,0,0],"specularPower":50,"alpha":1,"backFaceCulling":true,"checkReadyOnlyOnce":false,"maxSimultaneousLights":4},
{"name":"kawaii.Pink","id":"kawaii.Pink","ambient":[0.8,0.2769,0.6979],"diffuse":[0.64,0.2215,0.5583],"specular":[0.5,0.5,0.5],"emissive":[0,0,0],"specularPower":50,"alpha":1,"backFaceCulling":true,"checkReadyOnlyOnce":false,"maxSimultaneousLights":4},
{"name":"kawaii.Blue","id":"kawaii.Blue","ambient":[0.0136,0.8,0.7771],"diffuse":[0.0108,0.64,0.6217],"specular":[0.5,0.5,0.5],"emissive":[0,0,0],"specularPower":50,"alpha":1,"backFaceCulling":true,"checkReadyOnlyOnce":false,"maxSimultaneousLights":4}],
"multiMaterials":[{"name":"kawaii.Multimaterial#0","id":"kawaii.Multimaterial#0","materials":["kawaii.Purple","kawaii.Pink","kawaii.Blue"]}],
"skeletons":[{"name":"Armature","id":0,"dimensionsAtRest":[9.6222,11.5736,0],"bones":[
{"name":"RootInLowerStomach","index":0,"matrix":[1,0,0,0,0,1,0,0,0,0,-1,0,-0.0197,4.6228,-0.002,1],"rest":[1,0,0,0,0,1,0,0,0,0,-1,0,-0.0197,5.497,-0.002,1],"parentBoneIndex":-1,"length":1
,"animation":{"dataType":3,"framePerSecond":10,"keys":[
{"frame":0,"values":[1,0,0,0,0,1,0,0,0,0,-1,0,-0.0197,4.6228,-0.002,1]},
{"frame":1,"values":[1,0,0,0,0,1,0,0,0,0,-1,0,-0.0197,4.6311,-0.002,1]},
{"frame":2,"values":[1,0,0,0,0,1,0,0,0,0,-1,0,-0.0197,4.6563,-0.002,1]},
{"frame":3,"values":[1,0,0,0,0,1,0,0,0,0,-1,0,-0.0197,4.6972,-0.002,1]},
{"frame":4,"values":[1,0,0,0,0,1,0,0,0,0,-1,0,-0.0197,4.7507,-0.002,1]},
{"frame":5,"values":[1,0,0,0,0,1,0,0,0,0,-1,0,-0.0197,4.8113,-0.002,1]},
{"frame":6,"values":[1,0,0,0,0,1,0,0,0,0,-1,0,-0.0197,4.8719,-0.002,1]},
{"frame":7,"values":[1,0,0,0,0,1,0,0,0,0,-1,0,-0.0197,4.9254,-0.002,1]},
{"frame":8,"values":[1,0,0,0,0,1,0,0,0,0,-1,0,-0.0197,4.9663,-0.002,1]},
{"frame":9,"values":[1,0,0,0,0,1,0,0,0,0,-1,0,-0.0197,4.9914,-0.002,1]},
{"frame":10,"values":[1,0,0,0,0,1,0,0,0,0,-1,0,-0.0197,4.9998,-0.002,1]},
{"frame":11,"values":[1,0,0,0,0,1,0,0,0,0,-1,0,-0.0197,4.9961,-0.002,1]},
{"frame":12,"values":[1,0,0,0,0,1,0,0,0,0,-1,0,-0.0197,4.9849,-0.002,1]},
{"frame":13,"values":[1,0,0,0,0,1,0,0,0,0,-1,0,-0.0197,4.9663,-0.002,1]},
{"frame":14,"values":[1,0,0,0,0,1,0,0,0,0,-1,0,-0.0197,4.9406,-0.002,1]},
{"frame":15,"values":[1,0,0,0,0,1,0,0,0,0,-1,0,-0.0197,4.9087,-0.002,1]},
{"frame":16,"values":[1,0,0,0,0,1,0,0,0,0,-1,0,-0.0197,4.8719,-0.002,1]},
{"frame":17,"values":[1,0,0,0,0,1,0,0,0,0,-1,0,-0.0197,4.8319,-0.002,1]},
{"frame":18,"values":[1,0,0,0,0,1,0,0,0,0,-1,0,-0.0197,4.7907,-0.002,1]},
{"frame":19,"values":[1,0,0,0,0,1,0,0,0,0,-1,0,-0.0197,4.7507,-0.002,1]},
{"frame":20,"values":[1,0,0,0,0,1,0,0,0,0,-1,0,-0.0197,4.7139,-0.002,1]},
{"frame":21,"values":[1,0,0,0,0,1,0,0,0,0,-1,0,-0.0197,4.682,-0.002,1]},
{"frame":22,"values":[1,0,0,0,0,1,0,0,0,0,-1,0,-0.0197,4.6563,-0.002,1]},
{"frame":23,"values":[1,0,0,0,0,1,0,0,0,0,-1,0,-0.0197,4.6377,-0.002,1]},
{"frame":24,"values":[1,0,0,0,0,1,0,0,0,0,-1,0,-0.0197,4.6265,-0.002,1]},
{"frame":25,"values":[1,0,0,0,0,1,0,0,0,0,-1,0,-0.0197,4.6228,-0.002,1]}],"loopBehavior":1,"name":"anim","property":"_matrix"}},
{"name":"Stomach","index":1,"matrix":[1,0,0,0,0,0.9349,-0.3549,0,0,0.3549,0.9349,0,0,1,0,1],"rest":[1,0,0,0,0,1,0,0,0,0,1,0,0,1,0,1],"parentBoneIndex":0,"length":1.2649
,"animation":{"dataType":3,"framePerSecond":10,"keys":[
{"frame":0,"values":[1,0,0,0,0,0.9349,-0.3549,0,0,0.3549,0.9349,0,0,1,0,1]},
{"frame":1,"values":[1,0.0016,0.0046,0,0.0001,0.9369,-0.3496,0,-0.0049,0.3496,0.9369,0,0,1,0,1]},
{"frame":2,"values":[0.9998,0.0064,0.0185,0,0.0001,0.9427,-0.3335,0,-0.0196,0.3335,0.9426,0,0,1,0,1]},
{"frame":3,"values":[0.999,0.0138,0.0414,0,-0.0004,0.9517,-0.3071,0,-0.0436,0.3068,0.9508,0,0,1,0,1]},
{"frame":4,"values":[0.9972,0.0223,0.0716,0,-0.002,0.9623,-0.2721,0,-0.0749,0.2712,0.9596,0,0,1,0,1]},
{"frame":5,"values":[0.9939,0.0307,0.1061,0,-0.0053,0.9727,-0.2321,0,-0.1103,0.2301,0.9669,0,0,1,0,1]},
{"frame":6,"values":[0.9893,0.0376,0.1408,0,-0.01,0.9814,-0.1918,0,-0.1454,0.1883,0.9713,0,0,1,0,1]},
{"frame":7,"values":[0.9843,0.0424,0.1714,0,-0.0154,0.9876,-0.1561,0,-0.1759,0.151,0.9727,0,0,1,0,1]},
{"frame":8,"values":[0.9798,0.0453,0.1948,0,-0.0202,0.9914,-0.1289,0,-0.199,0.1224,0.9723,0,0,1,0,1]},
{"frame":9,"values":[0.9768,0.0467,0.2092,0,-0.0235,0.9934,-0.1122,0,-0.213,0.1047,0.9714,0,0,1,0,1]},
{"frame":10,"values":[0.9757,0.0472,0.2139,0,-0.0247,0.994,-0.1067,0,-0.2177,0.0988,0.971,0,0,1,0,1]},
{"frame":11,"values":[0.9762,0.047,0.2118,0,-0.0241,0.9937,-0.1091,0,-0.2156,0.1014,0.9712,0,0,1,0,1]},
{"frame":12,"values":[0.9776,0.0464,0.2055,0,-0.0226,0.9929,-0.1165,0,-0.2094,0.1093,0.9717,0,0,1,0,1]},
{"frame":13,"values":[0.9798,0.0453,0.1948,0,-0.0202,0.9914,-0.1289,0,-0.199,0.1224,0.9723,0,0,1,0,1]},
{"frame":14,"values":[0.9827,0.0436,0.1802,0,-0.0171,0.9891,-0.146,0,-0.1846,0.1404,0.9727,0,0,1,0,1]},
{"frame":15,"values":[0.986,0.041,0.1619,0,-0.0136,0.9858,-0.1672,0,-0.1665,0.1627,0.9725,0,0,1,0,1]},
{"frame":16,"values":[0.9893,0.0376,0.1408,0,-0.01,0.9814,-0.1918,0,-0.1454,0.1883,0.9713,0,0,1,0,1]},
{"frame":17,"values":[0.9925,0.0332,0.1178,0,-0.0067,0.9758,-0.2184,0,-0.1223,0.216,0.9687,0,0,1,0,1]},
{"frame":18,"values":[0.9951,0.028,0.0943,0,-0.004,0.9693,-0.2457,0,-0.0983,0.2441,0.9647,0,0,1,0,1]},
{"frame":19,"values":[0.9972,0.0223,0.0716,0,-0.002,0.9623,-0.2721,0,-0.0749,0.2712,0.9596,0,0,1,0,1]},
{"frame":20,"values":[0.9986,0.0165,0.0507,0,-0.0008,0.9551,-0.2962,0,-0.0534,0.2958,0.9538,0,0,1,0,1]},
{"frame":21,"values":[0.9994,0.0111,0.0328,0,-0.0001,0.9484,-0.317,0,-0.0347,0.3168,0.9479,0,0,1,0,1]},
{"frame":22,"values":[0.9998,0.0064,0.0185,0,0.0001,0.9427,-0.3335,0,-0.0196,0.3335,0.9426,0,0,1,0,1]},
{"frame":23,"values":[1,0.0029,0.0082,0,0.0001,0.9384,-0.3455,0,-0.0087,0.3454,0.9384,0,0,1,0,1]},
{"frame":24,"values":[1,0.0007,0.002,0,0,0.9358,-0.3526,0,-0.0022,0.3526,0.9358,0,0,1,0,1]},
{"frame":25,"values":[1,0,0,0,0,0.9349,-0.3549,0,0,0.3549,0.9349,0,0,1,0,1]}],"loopBehavior":1,"name":"anim","property":"_matrix"}},
{"name":"AboveStomach","index":2,"matrix":[1,0,0,0,0,0.9929,-0.1193,0,0,0.1193,0.9929,0,0,1.2649,0,1],"rest":[1,0,0,0,0,1,0,0,0,0,1,0,0,1.2649,0,1],"parentBoneIndex":1,"length":0.8109
,"animation":{"dataType":3,"framePerSecond":10,"keys":[
{"frame":0,"values":[1,0,0,0,0,0.9929,-0.1193,0,0,0.1193,0.9929,0,0,1.2649,0,1]},
{"frame":25,"values":[1,0,0,0,0,0.9929,-0.1193,0,0,0.1193,0.9929,0,0,1.2649,0,1]}],"loopBehavior":1,"name":"anim","property":"_matrix"}},
{"name":"Head","index":3,"matrix":[1,0,0,0,0,0.8906,0.4548,0,0,-0.4548,0.8906,0,0,0.8109,0,1],"rest":[1,0,0,0,0,1,0,0,0,0,1,0,0,0.8109,0,1],"parentBoneIndex":2,"length":3.3191
,"animation":{"dataType":3,"framePerSecond":10,"keys":[
{"frame":0,"values":[1,0,0,0,0,0.8906,0.4548,0,0,-0.4548,0.8906,0,0,0.8109,0,1]},
{"frame":1,"values":[1,0.0014,-0.0045,0,0.0008,0.8904,0.4552,0,0.0046,-0.4552,0.8904,0,0,0.8109,0,1]},
{"frame":2,"values":[0.9998,0.0057,-0.018,0,0.0031,0.8899,0.4562,0,0.0186,-0.4561,0.8897,0,0,0.8109,0,1]},
{"frame":3,"values":[0.9991,0.0127,-0.0399,0,0.0069,0.8891,0.4577,0,0.0413,-0.4576,0.8882,0,0,0.8109,0,1]},
{"frame":4,"values":[0.9974,0.022,-0.0685,0,0.012,0.8881,0.4596,0,0.071,-0.4592,0.8855,0,0,0.8109,0,1]},
{"frame":5,"values":[0.9944,0.0325,-0.1009,0,0.0178,0.8869,0.4615,0,0.1045,-0.4607,0.8814,0,0,0.8109,0,1]},
{"frame":6,"values":[0.9902,0.0431,-0.1331,0,0.0237,0.8859,0.4633,0,0.1379,-0.4619,0.8762,0,0,0.8109,0,1]},
{"frame":7,"values":[0.9855,0.0525,-0.1614,0,0.029,0.885,0.4647,0,0.1672,-0.4626,0.8706,0,0,0.8109,0,1]},
{"frame":8,"values":[0.9813,0.0596,-0.1829,0,0.033,0.8844,0.4656,0,0.1895,-0.463,0.8659,0,0,0.8109,0,1]},
{"frame":9,"values":[0.9785,0.064,-0.196,0,0.0355,0.884,0.4662,0,0.2031,-0.4631,0.8627,0,0,0.8109,0,1]},
{"frame":10,"values":[0.9775,0.0655,-0.2004,0,0.0364,0.8838,0.4664,0,0.2077,-0.4632,0.8616,0,0,0.8109,0,1]},
{"frame":11,"values":[0.978,0.0649,-0.1985,0,0.036,0.8839,0.4663,0,0.2057,-0.4632,0.8621,0,0,0.8109,0,1]},
{"frame":12,"values":[0.9793,0.0629,-0.1926,0,0.0349,0.8841,0.466,0,0.1996,-0.4631,0.8635,0,0,0.8109,0,1]},
{"frame":13,"values":[0.9813,0.0596,-0.1829,0,0.033,0.8844,0.4656,0,0.1895,-0.463,0.8659,0,0,0.8109,0,1]},
{"frame":14,"values":[0.984,0.0551,-0.1694,0,0.0305,0.8848,0.465,0,0.1755,-0.4628,0.8689,0,0,0.8109,0,1]},
{"frame":15,"values":[0.987,0.0495,-0.1526,0,0.0274,0.8853,0.4643,0,0.1581,-0.4624,0.8724,0,0,0.8109,0,1]},
{"frame":16,"values":[0.9902,0.0431,-0.1331,0,0.0237,0.8859,0.4633,0,0.1379,-0.4619,0.8762,0,0,0.8109,0,1]},
{"frame":17,"values":[0.9931,0.0361,-0.1119,0,0.0198,0.8866,0.4621,0,0.1159,-0.4612,0.8797,0,0,0.8109,0,1]},
{"frame":18,"values":[0.9955,0.0289,-0.0899,0,0.0159,0.8873,0.4609,0,0.0931,-0.4603,0.8829,0,0,0.8109,0,1]},
{"frame":19,"values":[0.9974,0.022,-0.0685,0,0.012,0.8881,0.4596,0,0.071,-0.4592,0.8855,0,0,0.8109,0,1]},
{"frame":20,"values":[0.9987,0.0156,-0.0488,0,0.0085,0.8888,0.4583,0,0.0505,-0.4581,0.8875,0,0,0.8109,0,1]},
{"frame":21,"values":[0.9994,0.0101,-0.0317,0,0.0055,0.8894,0.4571,0,0.0328,-0.457,0.8888,0,0,0.8109,0,1]},
{"frame":22,"values":[0.9998,0.0057,-0.018,0,0.0031,0.8899,0.4562,0,0.0186,-0.4561,0.8897,0,0,0.8109,0,1]},
{"frame":23,"values":[1,0.0025,-0.008,0,0.0014,0.8903,0.4554,0,0.0083,-0.4554,0.8902,0,0,0.8109,0,1]},
{"frame":24,"values":[1,0.0006,-0.002,0,0.0003,0.8905,0.455,0,0.0021,-0.455,0.8905,0,0,0.8109,0,1]},
{"frame":25,"values":[1,0,0,0,0,0.8906,0.4548,0,0,-0.4548,0.8906,0,0,0.8109,0,1]}],"loopBehavior":1,"name":"anim","property":"_matrix"}},
{"name":"LeftArmRoot","index":4,"matrix":[0,0,-1,0,-1,0,0,0,0,1,0,0,0,1.2649,0,1],"rest":[0,0,-1,0,-1,0,0,0,0,1,0,0,0,1.2649,0,1],"parentBoneIndex":1,"length":0.8217
,"animation":{"dataType":3,"framePerSecond":10,"keys":[
{"frame":0,"values":[0,0,-1,0,-1,0,0,0,0,1,0,0,0,1.2649,0,1]},
{"frame":1,"values":[-0.0002,-0.0001,-1,0,-1,0.0002,0.0002,0,0.0002,1,-0.0001,0,0,1.2649,0,1]},
{"frame":2,"values":[-0.0007,-0.0002,-1,0,-1,0.0009,0.0007,0,0.0009,1,-0.0002,0,0,1.2649,0,1]},
{"frame":3,"values":[-0.0015,-0.0005,-1,0,-1,0.0021,0.0015,0,0.0021,1,-0.0005,0,0,1.2649,0,1]},
{"frame":4,"values":[-0.0026,-0.0009,-1,0,-1,0.0036,0.0026,0,0.0036,1,-0.0009,0,0,1.2649,0,1]},
{"frame":5,"values":[-0.0039,-0.0013,-1,0,-1,0.0053,0.0039,0,0.0053,1,-0.0013,0,0,1.2649,0,1]},
{"frame":6,"values":[-0.0051,-0.0017,-1,0,-1,0.007,0.0051,0,0.007,1,-0.0017,0,0,1.2649,0,1]},
{"frame":7,"values":[-0.0062,-0.002,-1,0,-0.9999,0.0085,0.0062,0,0.0085,1,-0.0021,0,0,1.2649,0,1]},
{"frame":8,"values":[-0.0071,-0.0023,-1,0,-0.9999,0.0097,0.007,0,0.0097,1,-0.0024,0,0,1.2649,0,1]},
{"frame":9,"values":[-0.0076,-0.0025,-1,0,-0.9999,0.0104,0.0076,0,0.0104,0.9999,-0.0026,0,0,1.2649,0,1]},
{"frame":10,"values":[-0.0078,-0.0025,-1,0,-0.9999,0.0106,0.0077,0,0.0106,0.9999,-0.0026,0,0,1.2649,0,1]},
{"frame":11,"values":[-0.0077,-0.0025,-1,0,-0.9999,0.0105,0.0077,0,0.0105,0.9999,-0.0026,0,0,1.2649,0,1]},
{"frame":12,"values":[-0.0075,-0.0024,-1,0,-0.9999,0.0102,0.0074,0,0.0102,0.9999,-0.0025,0,0,1.2649,0,1]},
{"frame":13,"values":[-0.0071,-0.0023,-1,0,-0.9999,0.0097,0.007,0,0.0097,1,-0.0024,0,0,1.2649,0,1]},
{"frame":14,"values":[-0.0065,-0.0021,-1,0,-0.9999,0.009,0.0065,0,0.009,1,-0.0022,0,0,1.2649,0,1]},
{"frame":15,"values":[-0.0059,-0.0019,-1,0,-1,0.0081,0.0059,0,0.0081,1,-0.002,0,0,1.2649,0,1]},
{"frame":16,"values":[-0.0051,-0.0017,-1,0,-1,0.007,0.0051,0,0.007,1,-0.0017,0,0,1.2649,0,1]},
{"frame":17,"values":[-0.0043,-0.0014,-1,0,-1,0.0059,0.0043,0,0.0059,1,-0.0014,0,0,1.2649,0,1]},
{"frame":18,"values":[-0.0035,-0.0011,-1,0,-1,0.0047,0.0034,0,0.0047,1,-0.0012,0,0,1.2649,0,1]},
{"frame":19,"values":[-0.0026,-0.0009,-1,0,-1,0.0036,0.0026,0,0.0036,1,-0.0009,0,0,1.2649,0,1]},
{"frame":20,"values":[-0.0019,-0.0006,-1,0,-1,0.0026,0.0019,0,0.0026,1,-0.0006,0,0,1.2649,0,1]},
{"frame":21,"values":[-0.0012,-0.0004,-1,0,-1,0.0017,0.0012,0,0.0017,1,-0.0004,0,0,1.2649,0,1]},
{"frame":22,"values":[-0.0007,-0.0002,-1,0,-1,0.0009,0.0007,0,0.0009,1,-0.0002,0,0,1.2649,0,1]},
{"frame":23,"values":[-0.0003,-0.0001,-1,0,-1,0.0004,0.0003,0,0.0004,1,-0.0001,0,0,1.2649,0,1]},
{"frame":24,"values":[-0.0001,0,-1,0,-1,0.0001,0.0001,0,0.0001,1,0,0,0,1.2649,0,1]},
{"frame":25,"values":[0,0,-1,0,-1,0,0,0,0,1,0,0,0,1.2649,0,1]}],"loopBehavior":1,"name":"anim","property":"_matrix"}},
{"name":"UpperLeftArm","index":5,"matrix":[0.907,-0.193,-0.3743,0,-0.045,0.8393,-0.5419,0,0.4187,0.5083,0.7525,0,0,0.8217,0,1],"rest":[1,0,0,0,0,1,0,0,0,0,1,0,0,0.8217,0,1],"parentBoneIndex":4,"length":1.9785
,"animation":{"dataType":3,"framePerSecond":10,"keys":[
{"frame":0,"values":[0.907,-0.193,-0.3743,0,-0.045,0.8393,-0.5419,0,0.4187,0.5083,0.7525,0,0,0.8217,0,1]},
{"frame":1,"values":[0.9087,-0.1863,-0.3737,0,-0.0524,0.837,-0.5447,0,0.4142,0.5145,0.7508,0,0,0.8217,0,1]},
{"frame":2,"values":[0.9133,-0.1659,-0.3719,0,-0.0745,0.8298,-0.5531,0,0.4003,0.5328,0.7455,0,0,0.8217,0,1]},
{"frame":3,"values":[0.9198,-0.1323,-0.3694,0,-0.1101,0.8166,-0.5666,0,0.3767,0.5618,0.7366,0,0,0.8217,0,1]},
{"frame":4,"values":[0.926,-0.0878,-0.3671,0,-0.1559,0.7967,-0.584,0,0.3437,0.598,0.7241,0,0,0.8217,0,1]},
{"frame":5,"values":[0.9301,-0.037,-0.3655,0,-0.2064,0.7705,-0.6031,0,0.3039,0.6364,0.7089,0,0,0.8217,0,1]},
{"frame":6,"values":[0.9308,0.014,-0.3653,0,-0.2551,0.7406,-0.6216,0,0.2618,0.6718,0.6929,0,0,0.8217,0,1]},
{"frame":7,"values":[0.9287,0.059,-0.3661,0,-0.2963,0.7114,-0.6373,0,0.2228,0.7003,0.6782,0,0,0.8217,0,1]},
{"frame":8,"values":[0.9254,0.093,-0.3673,0,-0.3266,0.6874,-0.6488,0,0.1921,0.7203,0.6665,0,0,0.8217,0,1]},
{"frame":9,"values":[0.9227,0.1138,-0.3683,0,-0.3446,0.6719,-0.6556,0,0.1729,0.7318,0.6592,0,0,0.8217,0,1]},
{"frame":10,"values":[0.9217,0.1207,-0.3687,0,-0.3505,0.6666,-0.6578,0,0.1664,0.7355,0.6567,0,0,0.8217,0,1]},
{"frame":11,"values":[0.9221,0.1177,-0.3686,0,-0.3479,0.669,-0.6568,0,0.1693,0.7339,0.6578,0,0,0.8217,0,1]},
{"frame":12,"values":[0.9235,0.1084,-0.3681,0,-0.34,0.676,-0.6538,0,0.1779,0.7289,0.6611,0,0,0.8217,0,1]},
{"frame":13,"values":[0.9254,0.093,-0.3673,0,-0.3266,0.6874,-0.6488,0,0.1921,0.7203,0.6665,0,0,0.8217,0,1]},
{"frame":14,"values":[0.9277,0.0717,-0.3665,0,-0.3077,0.7026,-0.6416,0,0.2115,0.708,0.6738,0,0,0.8217,0,1]},
{"frame":15,"values":[0.9296,0.045,-0.3657,0,-0.2837,0.7208,-0.6325,0,0.2351,0.6917,0.6828,0,0,0.8217,0,1]},
{"frame":16,"values":[0.9308,0.014,-0.3653,0,-0.2551,0.7406,-0.6216,0,0.2618,0.6718,0.6929,0,0,0.8217,0,1]},
{"frame":17,"values":[0.9307,-0.0197,-0.3653,0,-0.2232,0.7607,-0.6095,0,0.2899,0.6488,0.7036,0,0,0.8217,0,1]},
{"frame":18,"values":[0.9291,-0.0543,-0.3659,0,-0.1895,0.7798,-0.5967,0,0.3177,0.6237,0.7142,0,0,0.8217,0,1]},
{"frame":19,"values":[0.926,-0.0878,-0.3671,0,-0.1559,0.7967,-0.584,0,0.3437,0.598,0.7241,0,0,0.8217,0,1]},
{"frame":20,"values":[0.922,-0.1185,-0.3686,0,-0.1245,0.8107,-0.572,0,0.3666,0.5733,0.7327,0,0,0.8217,0,1]},
{"frame":21,"values":[0.9176,-0.1449,-0.3703,0,-0.0969,0.8217,-0.5616,0,0.3856,0.5511,0.74,0,0,0.8217,0,1]},
{"frame":22,"values":[0.9133,-0.1659,-0.3719,0,-0.0745,0.8298,-0.5531,0,0.4003,0.5328,0.7455,0,0,0.8217,0,1]},
{"frame":23,"values":[0.9099,-0.181,-0.3732,0,-0.0582,0.8352,-0.5468,0,0.4107,0.5193,0.7495,0,0,0.8217,0,1]},
{"frame":24,"values":[0.9077,-0.19,-0.374,0,-0.0483,0.8383,-0.5431,0,0.4167,0.5111,0.7518,0,0,0.8217,0,1]},
{"frame":25,"values":[0.907,-0.193,-0.3743,0,-0.045,0.8393,-0.5419,0,0.4187,0.5083,0.7525,0,0,0.8217,0,1]}],"loopBehavior":1,"name":"anim","property":"_matrix"}},
{"name":"LowerLeftArm","index":6,"matrix":[0.7071,-0.7021,0.0837,0,0.7009,0.7116,0.0478,0,-0.0932,0.0249,0.9953,0,0,1.9785,0,1],"rest":[1,0,0,0,0,1,0,0,0,0,1,0,0,1.9785,0,1],"parentBoneIndex":5,"length":2.0001
,"animation":{"dataType":3,"framePerSecond":10,"keys":[
{"frame":0,"values":[0.7071,-0.7021,0.0837,0,0.7009,0.7116,0.0478,0,-0.0932,0.0249,0.9953,0,0,1.9785,0,1]},
{"frame":1,"values":[0.7104,-0.6988,0.0837,0,0.697,0.7151,0.0539,0,-0.0975,0.0201,0.995,0,0,1.9785,0,1]},
{"frame":2,"values":[0.7203,-0.6886,0.0838,0,0.6848,0.7251,0.0721,0,-0.1104,0.0055,0.9939,0,0,1.9785,0,1]},
{"frame":3,"values":[0.736,-0.6717,0.0845,0,0.6642,0.7406,0.1017,0,-0.1309,-0.0187,0.9912,0,0,1.9785,0,1]},
{"frame":4,"values":[0.7558,-0.649,0.0865,0,0.6357,0.7591,0.1403,0,-0.1567,-0.0511,0.9863,0,0,1.9785,0,1]},
{"frame":5,"values":[0.7774,-0.6226,0.0901,0,0.6014,0.7775,0.1838,0,-0.1845,-0.0887,0.9788,0,0,1.9785,0,1]},
{"frame":6,"values":[0.7977,-0.5954,0.0952,0,0.5651,0.7933,0.2267,0,-0.2105,-0.127,0.9693,0,0,1.9785,0,1]},
{"frame":7,"values":[0.8147,-0.5711,0.101,0,0.5315,0.8049,0.2639,0,-0.232,-0.1613,0.9593,0,0,1.9785,0,1]},
{"frame":8,"values":[0.8269,-0.5522,0.1061,0,0.505,0.8123,0.2919,0,-0.2474,-0.1877,0.9506,0,0,1.9785,0,1]},
{"frame":9,"values":[0.8341,-0.5405,0.1096,0,0.4883,0.8162,0.3088,0,-0.2564,-0.2041,0.9448,0,0,1.9785,0,1]},
{"frame":10,"values":[0.8365,-0.5367,0.1108,0,0.4827,0.8174,0.3144,0,-0.2593,-0.2095,0.9428,0,0,1.9785,0,1]},
{"frame":11,"values":[0.8355,-0.5384,0.1103,0,0.4852,0.8169,0.3119,0,-0.258,-0.2071,0.9437,0,0,1.9785,0,1]},
{"frame":12,"values":[0.8323,-0.5436,0.1087,0,0.4927,0.8152,0.3044,0,-0.2541,-0.1998,0.9463,0,0,1.9785,0,1]},
{"frame":13,"values":[0.8269,-0.5522,0.1061,0,0.505,0.8123,0.2919,0,-0.2474,-0.1877,0.9506,0,0,1.9785,0,1]},
{"frame":14,"values":[0.8193,-0.5641,0.1028,0,0.5217,0.8078,0.2744,0,-0.2378,-0.1711,0.9561,0,0,1.9785,0,1]},
{"frame":15,"values":[0.8095,-0.5787,0.0991,0,0.5421,0.8015,0.2524,0,-0.2255,-0.1506,0.9625,0,0,1.9785,0,1]},
{"frame":16,"values":[0.7977,-0.5954,0.0952,0,0.5651,0.7933,0.2267,0,-0.2105,-0.127,0.9693,0,0,1.9785,0,1]},
{"frame":17,"values":[0.7844,-0.6134,0.0917,0,0.5893,0.7832,0.1984,0,-0.1935,-0.1016,0.9758,0,0,1.9785,0,1]},
{"frame":18,"values":[0.7702,-0.6316,0.0887,0,0.6133,0.7716,0.1691,0,-0.1752,-0.0758,0.9816,0,0,1.9785,0,1]},
{"frame":19,"values":[0.7558,-0.649,0.0865,0,0.6357,0.7591,0.1403,0,-0.1567,-0.0511,0.9863,0,0,1.9785,0,1]},
{"frame":20,"values":[0.7422,-0.6647,0.085,0,0.6555,0.7465,0.1137,0,-0.1391,-0.0287,0.9899,0,0,1.9785,0,1]},
{"frame":21,"values":[0.7302,-0.6781,0.0842,0,0.672,0.7349,0.0907,0,-0.1233,-0.0096,0.9923,0,0,1.9785,0,1]},
{"frame":22,"values":[0.7203,-0.6886,0.0838,0,0.6848,0.7251,0.0721,0,-0.1104,0.0055,0.9939,0,0,1.9785,0,1]},
{"frame":23,"values":[0.713,-0.6961,0.0837,0,0.6939,0.7177,0.0586,0,-0.1009,0.0163,0.9948,0,0,1.9785,0,1]},
{"frame":24,"values":[0.7086,-0.7006,0.0837,0,0.6992,0.7132,0.0505,0,-0.0951,0.0228,0.9952,0,0,1.9785,0,1]},
{"frame":25,"values":[0.7071,-0.7021,0.0837,0,0.7009,0.7116,0.0478,0,-0.0932,0.0249,0.9953,0,0,1.9785,0,1]}],"loopBehavior":1,"name":"anim","property":"_matrix"}},
{"name":"RightArmRoot","index":7,"matrix":[0,0,1,0,1,0,0,0,0,1,0,0,0,1.2649,0,1],"rest":[0,0,1,0,1,0,0,0,0,1,0,0,0,1.2649,0,1],"parentBoneIndex":1,"length":0.8325
,"animation":{"dataType":3,"framePerSecond":10,"keys":[
{"frame":0,"values":[0,0,1,0,1,0,0,0,0,1,0,0,0,1.2649,0,1]},
{"frame":25,"values":[0,0,1,0,1,0,0,0,0,1,0,0,0,1.2649,0,1]}],"loopBehavior":1,"name":"anim","property":"_matrix"}},
{"name":"UpperRightArm","index":8,"matrix":[0.7479,0.2194,0.6265,0,0.2448,0.7861,-0.5676,0,-0.617,0.5779,0.5342,0,0,0.8325,0,1],"rest":[1,0,0,0,0,1,0,0,0,0,1,0,0,0.8325,0,1],"parentBoneIndex":7,"length":1.9677
,"animation":{"dataType":3,"framePerSecond":10,"keys":[
{"frame":0,"values":[0.7479,0.2194,0.6265,0,0.2448,0.7861,-0.5676,0,-0.617,0.5779,0.5342,0,0,0.8325,0,1]},
{"frame":25,"values":[0.7479,0.2194,0.6265,0,0.2448,0.7861,-0.5676,0,-0.617,0.5779,0.5342,0,0,0.8325,0,1]}],"loopBehavior":1,"name":"anim","property":"_matrix"}},
{"name":"LowerRightArm","index":9,"matrix":[0.9149,0.2543,-0.3136,0,-0.2234,0.9658,0.1313,0,0.3362,-0.0501,0.9404,0,0,1.9677,0,1],"rest":[1,0,0,0,0,1,0,0,0,0,1,0,0,1.9677,0,1],"parentBoneIndex":8,"length":2.0217
,"animation":{"dataType":3,"framePerSecond":10,"keys":[
{"frame":0,"values":[0.9149,0.2543,-0.3136,0,-0.2234,0.9658,0.1313,0,0.3362,-0.0501,0.9404,0,0,1.9677,0,1]},
{"frame":1,"values":[0.915,0.2559,-0.3119,0,-0.2257,0.9655,0.13,0,0.3344,-0.0486,0.9412,0,0,1.9677,0,1]},
{"frame":2,"values":[0.9153,0.2608,-0.307,0,-0.2325,0.9644,0.1263,0,0.329,-0.0442,0.9433,0,0,1.9677,0,1]},
{"frame":3,"values":[0.9156,0.2689,-0.299,0,-0.2434,0.9625,0.12,0,0.32,-0.0371,0.9467,0,0,1.9677,0,1]},
{"frame":4,"values":[0.9158,0.2794,-0.2886,0,-0.2576,0.9598,0.1117,0,0.3082,-0.028,0.9509,0,0,1.9677,0,1]},
{"frame":5,"values":[0.9157,0.2914,-0.2768,0,-0.2736,0.9564,0.1021,0,0.2945,-0.0178,0.9555,0,0,1.9677,0,1]},
{"frame":6,"values":[0.9152,0.3036,-0.2651,0,-0.2893,0.9528,0.0923,0,0.2806,-0.0078,0.9598,0,0,1.9677,0,1]},
{"frame":7,"values":[0.9145,0.3143,-0.2549,0,-0.303,0.9493,0.0835,0,0.2682,0.0009,0.9634,0,0,1.9677,0,1]},
{"frame":8,"values":[0.9137,0.3225,-0.2471,0,-0.3134,0.9465,0.0766,0,0.2586,0.0075,0.966,0,0,1.9677,0,1]},
{"frame":9,"values":[0.9132,0.3276,-0.2424,0,-0.3197,0.9448,0.0723,0,0.2527,0.0114,0.9675,0,0,1.9677,0,1]},
{"frame":10,"values":[0.913,0.3293,-0.2408,0,-0.3218,0.9442,0.0709,0,0.2507,0.0127,0.968,0,0,1.9677,0,1]},
{"frame":11,"values":[0.9131,0.3285,-0.2415,0,-0.3209,0.9444,0.0715,0,0.2516,0.0122,0.9678,0,0,1.9677,0,1]},
{"frame":12,"values":[0.9134,0.3263,-0.2436,0,-0.3181,0.9452,0.0734,0,0.2542,0.0104,0.9671,0,0,1.9677,0,1]},
{"frame":13,"values":[0.9137,0.3225,-0.2471,0,-0.3134,0.9465,0.0766,0,0.2586,0.0075,0.966,0,0,1.9677,0,1]},
{"frame":14,"values":[0.9142,0.3173,-0.252,0,-0.3069,0.9483,0.0809,0,0.2646,0.0034,0.9643,0,0,1.9677,0,1]},
{"frame":15,"values":[0.9147,0.3109,-0.2581,0,-0.2987,0.9504,0.0862,0,0.2721,-0.0018,0.9623,0,0,1.9677,0,1]},
{"frame":16,"values":[0.9152,0.3036,-0.2651,0,-0.2893,0.9528,0.0923,0,0.2806,-0.0078,0.9598,0,0,1.9677,0,1]},
{"frame":17,"values":[0.9155,0.2956,-0.2728,0,-0.2789,0.9552,0.0988,0,0.2898,-0.0144,0.957,0,0,1.9677,0,1]},
{"frame":18,"values":[0.9157,0.2874,-0.2808,0,-0.2682,0.9576,0.1054,0,0.2992,-0.0212,0.954,0,0,1.9677,0,1]},
{"frame":19,"values":[0.9158,0.2794,-0.2886,0,-0.2576,0.9598,0.1117,0,0.3082,-0.028,0.9509,0,0,1.9677,0,1]},
{"frame":20,"values":[0.9157,0.2721,-0.2957,0,-0.2479,0.9616,0.1175,0,0.3164,-0.0343,0.948,0,0,1.9677,0,1]},
{"frame":21,"values":[0.9155,0.2659,-0.302,0,-0.2393,0.9632,0.1224,0,0.3234,-0.0398,0.9454,0,0,1.9677,0,1]},
{"frame":22,"values":[0.9153,0.2608,-0.307,0,-0.2325,0.9644,0.1263,0,0.329,-0.0442,0.9433,0,0,1.9677,0,1]},
{"frame":23,"values":[0.9151,0.2572,-0.3106,0,-0.2274,0.9652,0.1291,0,0.333,-0.0475,0.9417,0,0,1.9677,0,1]},
{"frame":24,"values":[0.9149,0.255,-0.3128,0,-0.2244,0.9657,0.1307,0,0.3354,-0.0494,0.9408,0,0,1.9677,0,1]},
{"frame":25,"values":[0.9149,0.2543,-0.3136,0,-0.2234,0.9658,0.1313,0,0.3362,-0.0501,0.9404,0,0,1.9677,0,1]}],"loopBehavior":1,"name":"anim","property":"_matrix"}},
{"name":"LeftLegRoot","index":10,"matrix":[-0.473,0,-0.881,0,-0.881,0,0.473,0,0,1,0,0,0,0,0,1],"rest":[0,0,-1,0,-1,0,0,0,0,1,0,0,0,0,0,1],"parentBoneIndex":0,"length":0.746
,"animation":{"dataType":3,"framePerSecond":10,"keys":[
{"frame":0,"values":[-0.473,0,-0.881,0,-0.881,0,0.473,0,0,1,0,0,0,0,0,1]},
{"frame":25,"values":[-0.473,0,-0.881,0,-0.881,0,0.473,0,0,1,0,0,0,0,0,1]}],"loopBehavior":1,"name":"anim","property":"_matrix"}},
{"name":"UpperLeftLeg","index":11,"matrix":[0,-1,0,0,0.6828,0,-0.7306,0,0.7306,0,0.6828,0,0,0.746,0,1],"rest":[0,-1,0,0,0,0,-1,0,1,0,0,0,0,0.746,0,1],"parentBoneIndex":10,"length":2.5191
,"animation":{"dataType":3,"framePerSecond":10,"keys":[
{"frame":0,"values":[0,-1,0,0,0.6828,0,-0.7306,0,0.7306,0,0.6828,0,0,0.746,0,1]},
{"frame":1,"values":[0,-1,-0.0037,0,0.6778,0.0027,-0.7352,0,0.7352,-0.0025,0.6778,0,0,0.746,0,1]},
{"frame":2,"values":[-0.0002,-0.9999,-0.0147,0,0.6626,0.0108,-0.7489,0,0.749,-0.0099,0.6625,0,0,0.746,0,1]},
{"frame":3,"values":[-0.001,-0.9995,-0.0326,0,0.6372,0.0245,-0.7703,0,0.7707,-0.0215,0.6369,0,0,0.746,0,1]},
{"frame":4,"values":[-0.0029,-0.9984,-0.056,0,0.6029,0.0429,-0.7966,0,0.7978,-0.0361,0.6018,0,0,0.746,0,1]},
{"frame":5,"values":[-0.0064,-0.9966,-0.0823,0,0.5627,0.0645,-0.8242,0,0.8267,-0.0516,0.5603,0,0,0.746,0,1]},
{"frame":6,"values":[-0.0111,-0.994,-0.1085,0,0.5211,0.0868,-0.8491,0,0.8534,-0.0659,0.517,0,0,0.746,0,1]},
{"frame":7,"values":[-0.0164,-0.9912,-0.1312,0,0.4835,0.107,-0.8688,0,0.8752,-0.0776,0.4775,0,0,0.746,0,1]},
{"frame":8,"values":[-0.021,-0.9887,-0.1483,0,0.4542,0.1227,-0.8824,0,0.8906,-0.0859,0.4465,0,0,0.746,0,1]},
{"frame":9,"values":[-0.0242,-0.987,-0.1587,0,0.4361,0.1325,-0.8901,0,0.8996,-0.0907,0.4272,0,0,0.746,0,1]},
{"frame":10,"values":[-0.0253,-0.9864,-0.1622,0,0.43,0.1357,-0.8926,0,0.9025,-0.0923,0.4207,0,0,0.746,0,1]},
{"frame":11,"values":[-0.0248,-0.9867,-0.1607,0,0.4327,0.1343,-0.8915,0,0.9012,-0.0916,0.4236,0,0,0.746,0,1]},
{"frame":12,"values":[-0.0233,-0.9875,-0.156,0,0.4408,0.1299,-0.8882,0,0.8973,-0.0895,0.4322,0,0,0.746,0,1]},
{"frame":13,"values":[-0.021,-0.9887,-0.1483,0,0.4542,0.1227,-0.8824,0,0.8906,-0.0859,0.4465,0,0,0.746,0,1]},
{"frame":14,"values":[-0.018,-0.9903,-0.1376,0,0.4726,0.1128,-0.874,0,0.8811,-0.0808,0.466,0,0,0.746,0,1]},
{"frame":15,"values":[-0.0146,-0.9922,-0.1242,0,0.4953,0.1007,-0.8629,0,0.8686,-0.0741,0.4899,0,0,0.746,0,1]},
{"frame":16,"values":[-0.0111,-0.994,-0.1085,0,0.5211,0.0868,-0.8491,0,0.8534,-0.0659,0.517,0,0,0.746,0,1]},
{"frame":17,"values":[-0.0078,-0.9958,-0.0912,0,0.5487,0.072,-0.8329,0,0.836,-0.0566,0.5458,0,0,0.746,0,1]},
{"frame":18,"values":[-0.005,-0.9973,-0.0734,0,0.5765,0.0571,-0.8151,0,0.8171,-0.0464,0.5746,0,0,0.746,0,1]},
{"frame":19,"values":[-0.0029,-0.9984,-0.056,0,0.6029,0.0429,-0.7966,0,0.7978,-0.0361,0.6018,0,0,0.746,0,1]},
{"frame":20,"values":[-0.0015,-0.9992,-0.0399,0,0.6267,0.0301,-0.7787,0,0.7793,-0.0261,0.6261,0,0,0.746,0,1]},
{"frame":21,"values":[-0.0006,-0.9997,-0.0259,0,0.6468,0.0193,-0.7624,0,0.7627,-0.0172,0.6465,0,0,0.746,0,1]},
{"frame":22,"values":[-0.0002,-0.9999,-0.0147,0,0.6626,0.0108,-0.7489,0,0.749,-0.0099,0.6625,0,0,0.746,0,1]},
{"frame":23,"values":[0,-1,-0.0065,0,0.6739,0.0048,-0.7388,0,0.7388,-0.0044,0.6739,0,0,0.746,0,1]},
{"frame":24,"values":[0,-1,-0.0016,0,0.6806,0.0012,-0.7327,0,0.7327,-0.0011,0.6806,0,0,0.746,0,1]},
{"frame":25,"values":[0,-1,0,0,0.6828,0,-0.7306,0,0.7306,0,0.6828,0,0,0.746,0,1]}],"loopBehavior":1,"name":"anim","property":"_matrix"}},
{"name":"LowerLeftLeg","index":12,"matrix":[0.9942,0.0809,-0.0713,0,-0.1076,0.7077,-0.6983,0,-0.006,0.7019,0.7123,0,0,2.5191,0,1],"rest":[1,0,0,0,0,1,0,0,0,0,1,0,0,2.5191,0,1],"parentBoneIndex":11,"length":2.638
,"animation":{"dataType":3,"framePerSecond":10,"keys":[
{"frame":0,"values":[0.9942,0.0809,-0.0713,0,-0.1076,0.7077,-0.6983,0,-0.006,0.7019,0.7123,0,0,2.5191,0,1]},
{"frame":1,"values":[0.9947,0.0781,-0.0675,0,-0.103,0.714,-0.6925,0,-0.0059,0.6957,0.7183,0,0,2.5191,0,1]},
{"frame":2,"values":[0.996,0.0695,-0.056,0,-0.0891,0.7328,-0.6745,0,-0.0058,0.6768,0.7361,0,0,2.5191,0,1]},
{"frame":3,"values":[0.9978,0.0549,-0.0378,0,-0.0663,0.7622,-0.6439,0,-0.0065,0.645,0.7641,0,0,2.5191,0,1]},
{"frame":4,"values":[0.9993,0.0345,-0.0149,0,-0.0365,0.7981,-0.6014,0,-0.0089,0.6016,0.7988,0,0,2.5191,0,1]},
{"frame":5,"values":[0.9999,0.0098,0.0098,0,-0.0028,0.8351,-0.5501,0,-0.0135,0.55,0.835,0,0,2.5191,0,1]},
{"frame":6,"values":[0.9993,-0.0164,0.0328,0,0.0305,0.8679,-0.4958,0,-0.0203,0.4964,0.8678,0,0,2.5191,0,1]},
{"frame":7,"values":[0.9978,-0.0407,0.0516,0,0.0595,0.8932,-0.4457,0,-0.028,0.4478,0.8937,0,0,2.5191,0,1]},
{"frame":8,"values":[0.9961,-0.0598,0.065,0,0.0812,0.9102,-0.4062,0,-0.0349,0.4099,0.9115,0,0,2.5191,0,1]},
{"frame":9,"values":[0.9948,-0.0718,0.0728,0,0.0943,0.9195,-0.3815,0,-0.0396,0.3864,0.9215,0,0,2.5191,0,1]},
{"frame":10,"values":[0.9943,-0.0758,0.0754,0,0.0986,0.9225,-0.3733,0,-0.0412,0.3786,0.9247,0,0,2.5191,0,1]},
{"frame":11,"values":[0.9945,-0.074,0.0742,0,0.0967,0.9212,-0.3769,0,-0.0405,0.382,0.9233,0,0,2.5191,0,1]},
{"frame":12,"values":[0.9951,-0.0686,0.0709,0,0.0909,0.9172,-0.388,0,-0.0384,0.3925,0.9189,0,0,2.5191,0,1]},
{"frame":13,"values":[0.9961,-0.0598,0.065,0,0.0812,0.9102,-0.4062,0,-0.0349,0.4099,0.9115,0,0,2.5191,0,1]},
{"frame":14,"values":[0.9972,-0.0477,0.0567,0,0.0676,0.8998,-0.4311,0,-0.0305,0.4337,0.9005,0,0,2.5191,0,1]},
{"frame":15,"values":[0.9984,-0.033,0.0459,0,0.0505,0.8857,-0.4615,0,-0.0254,0.4631,0.886,0,0,2.5191,0,1]},
{"frame":16,"values":[0.9993,-0.0164,0.0328,0,0.0305,0.8679,-0.4958,0,-0.0203,0.4964,0.8678,0,0,2.5191,0,1]},
{"frame":17,"values":[0.9998,0.001,0.0178,0,0.0086,0.8467,-0.532,0,-0.0156,0.532,0.8466,0,0,2.5191,0,1]},
{"frame":18,"values":[0.9998,0.0183,0.0016,0,-0.0142,0.823,-0.5679,0,-0.0117,0.5678,0.8231,0,0,2.5191,0,1]},
{"frame":19,"values":[0.9993,0.0345,-0.0149,0,-0.0365,0.7981,-0.6014,0,-0.0089,0.6016,0.7988,0,0,2.5191,0,1]},
{"frame":20,"values":[0.9983,0.0487,-0.0306,0,-0.0571,0.7737,-0.631,0,-0.0071,0.6317,0.7752,0,0,2.5191,0,1]},
{"frame":21,"values":[0.9972,0.0604,-0.0445,0,-0.0748,0.7514,-0.6555,0,-0.0062,0.657,0.7538,0,0,2.5191,0,1]},
{"frame":22,"values":[0.996,0.0695,-0.056,0,-0.0891,0.7328,-0.6745,0,-0.0058,0.6768,0.7361,0,0,2.5191,0,1]},
{"frame":23,"values":[0.995,0.0759,-0.0645,0,-0.0994,0.719,-0.6879,0,-0.0059,0.6909,0.723,0,0,2.5191,0,1]},
{"frame":24,"values":[0.9944,0.0796,-0.0696,0,-0.1056,0.7105,-0.6957,0,-0.006,0.6992,0.7149,0,0,2.5191,0,1]},
{"frame":25,"values":[0.9942,0.0809,-0.0713,0,-0.1076,0.7077,-0.6983,0,-0.006,0.7019,0.7123,0,0,2.5191,0,1]}],"loopBehavior":1,"name":"anim","property":"_matrix"}},
{"name":"RightLegRoot","index":13,"matrix":[-0.5598,0,0.8286,0,0.8286,0,0.5598,0,0,1,0,0,0,0,0,1],"rest":[0,0,1,0,1,0,0,0,0,1,0,0,0,0,0,1],"parentBoneIndex":0,"length":0.6379
,"animation":{"dataType":3,"framePerSecond":10,"keys":[
{"frame":0,"values":[-0.5598,0,0.8286,0,0.8286,0,0.5598,0,0,1,0,0,0,0,0,1]},
{"frame":25,"values":[-0.5598,0,0.8286,0,0.8286,0,0.5598,0,0,1,0,0,0,0,0,1]}],"loopBehavior":1,"name":"anim","property":"_matrix"}},
{"name":"UpperRightLeg","index":14,"matrix":[0,1,0,0,-0.6828,0,-0.7306,0,-0.7306,0,0.6828,0,0,0.6379,0,1],"rest":[0,1,0,0,0,0,-1,0,-1,0,0,0,0,0.6379,0,1],"parentBoneIndex":13,"length":2.5083
,"animation":{"dataType":3,"framePerSecond":10,"keys":[
{"frame":0,"values":[0,1,0,0,-0.6828,0,-0.7306,0,-0.7306,0,0.6828,0,0,0.6379,0,1]},
{"frame":1,"values":[0,1,0.0043,0,-0.6781,0.0032,-0.735,0,-0.735,-0.0029,0.6781,0,0,0.6379,0,1]},
{"frame":2,"values":[-0.0002,0.9998,0.0173,0,-0.6638,0.0128,-0.7478,0,-0.7479,-0.0117,0.6637,0,0,0.6379,0,1]},
{"frame":3,"values":[-0.0011,0.9993,0.0385,0,-0.64,0.0289,-0.7678,0,-0.7684,-0.0255,0.6395,0,0,0.6379,0,1]},
{"frame":4,"values":[-0.0033,0.9978,0.0662,0,-0.6079,0.0506,-0.7924,0,-0.794,-0.0428,0.6064,0,0,0.6379,0,1]},
{"frame":5,"values":[-0.0071,0.9952,0.0974,0,-0.5703,0.076,-0.8179,0,-0.8214,-0.0614,0.567,0,0,0.6379,0,1]},
{"frame":6,"values":[-0.0124,0.9917,0.1284,0,-0.5315,0.1022,-0.8409,0,-0.847,-0.0786,0.5258,0,0,0.6379,0,1]},
{"frame":7,"values":[-0.0182,0.9877,0.1553,0,-0.4965,0.1259,-0.8589,0,-0.8678,-0.0927,0.4881,0,0,0.6379,0,1]},
{"frame":8,"values":[-0.0234,0.9842,0.1755,0,-0.4693,0.1442,-0.8712,0,-0.8827,-0.1028,0.4585,0,0,0.6379,0,1]},
{"frame":9,"values":[-0.0269,0.9818,0.1879,0,-0.4525,0.1556,-0.8781,0,-0.8914,-0.1086,0.4401,0,0,0.6379,0,1]},
{"frame":10,"values":[-0.0281,0.981,0.1919,0,-0.4468,0.1594,-0.8803,0,-0.8942,-0.1105,0.4339,0,0,0.6379,0,1]},
{"frame":11,"values":[-0.0276,0.9814,0.1901,0,-0.4493,0.1577,-0.8793,0,-0.8929,-0.1097,0.4366,0,0,0.6379,0,1]},
{"frame":12,"values":[-0.026,0.9825,0.1847,0,-0.4569,0.1526,-0.8763,0,-0.8892,-0.1071,0.4449,0,0,0.6379,0,1]},
{"frame":13,"values":[-0.0234,0.9842,0.1755,0,-0.4693,0.1442,-0.8712,0,-0.8827,-0.1028,0.4585,0,0,0.6379,0,1]},
{"frame":14,"values":[-0.0201,0.9864,0.1628,0,-0.4864,0.1327,-0.8636,0,-0.8735,-0.0965,0.4772,0,0,0.6379,0,1]},
{"frame":15,"values":[-0.0163,0.989,0.1469,0,-0.5075,0.1185,-0.8535,0,-0.8615,-0.0884,0.5,0,0,0.6379,0,1]},
{"frame":16,"values":[-0.0124,0.9917,0.1284,0,-0.5315,0.1022,-0.8409,0,-0.847,-0.0786,0.5258,0,0,0.6379,0,1]},
{"frame":17,"values":[-0.0087,0.9941,0.108,0,-0.5572,0.0848,-0.826,0,-0.8303,-0.0674,0.5532,0,0,0.6379,0,1]},
{"frame":18,"values":[-0.0056,0.9962,0.0869,0,-0.5832,0.0673,-0.8096,0,-0.8123,-0.0552,0.5806,0,0,0.6379,0,1]},
{"frame":19,"values":[-0.0033,0.9978,0.0662,0,-0.6079,0.0506,-0.7924,0,-0.794,-0.0428,0.6064,0,0,0.6379,0,1]},
{"frame":20,"values":[-0.0016,0.9989,0.0472,0,-0.6301,0.0356,-0.7757,0,-0.7765,-0.031,0.6294,0,0,0.6379,0,1]},
{"frame":21,"values":[-0.0007,0.9995,0.0306,0,-0.649,0.0229,-0.7605,0,-0.7608,-0.0204,0.6486,0,0,0.6379,0,1]},
{"frame":22,"values":[-0.0002,0.9998,0.0173,0,-0.6638,0.0128,-0.7478,0,-0.7479,-0.0117,0.6637,0,0,0.6379,0,1]},
{"frame":23,"values":[0,1,0.0077,0,-0.6744,0.0057,-0.7383,0,-0.7383,-0.0052,0.6744,0,0,0.6379,0,1]},
{"frame":24,"values":[0,1,0.0019,0,-0.6807,0.0014,-0.7325,0,-0.7325,-0.0013,0.6807,0,0,0.6379,0,1]},
{"frame":25,"values":[0,1,0,0,-0.6828,0,-0.7306,0,-0.7306,0,0.6828,0,0,0.6379,0,1]}],"loopBehavior":1,"name":"anim","property":"_matrix"}},
{"name":"LowerRightLeg","index":15,"matrix":[0.968,-0.1973,0.1548,0,0.2508,0.7624,-0.5966,0,-0.0003,0.6163,0.7875,0,0,2.5083,0,1],"rest":[1,0,0,0,0,1,0,0,0,0,1,0,0,2.5083,0,1],"parentBoneIndex":14,"length":2.6704
,"animation":{"dataType":3,"framePerSecond":10,"keys":[
{"frame":0,"values":[0.968,-0.1973,0.1548,0,0.2508,0.7624,-0.5966,0,-0.0003,0.6163,0.7875,0,0,2.5083,0,1]},
{"frame":1,"values":[0.9694,-0.1947,0.1496,0,0.2455,0.7682,-0.5913,0,0.0002,0.6099,0.7925,0,0,2.5083,0,1]},
{"frame":2,"values":[0.9733,-0.1864,0.134,0,0.2295,0.7854,-0.5749,0,0.0019,0.5903,0.8072,0,0,2.5083,0,1]},
{"frame":3,"values":[0.9791,-0.172,0.1088,0,0.2034,0.8121,-0.547,0,0.0057,0.5576,0.8301,0,0,2.5083,0,1]},
{"frame":4,"values":[0.9855,-0.1514,0.0765,0,0.1691,0.8446,-0.508,0,0.0123,0.5135,0.858,0,0,2.5083,0,1]},
{"frame":5,"values":[0.9912,-0.1258,0.041,0,0.1305,0.8779,-0.4607,0,0.0219,0.462,0.8866,0,0,2.5083,0,1]},
{"frame":6,"values":[0.9952,-0.098,0.007,0,0.0922,0.9072,-0.4105,0,0.0338,0.4092,0.9118,0,0,2.5083,0,1]},
{"frame":7,"values":[0.9972,-0.0717,-0.0216,0,0.059,0.9295,-0.3641,0,0.0462,0.3618,0.9311,0,0,2.5083,0,1]},
{"frame":8,"values":[0.9978,-0.0508,-0.0424,0,0.0341,0.9442,-0.3275,0,0.0567,0.3254,0.9439,0,0,2.5083,0,1]},
{"frame":9,"values":[0.9978,-0.0375,-0.0548,0,0.0191,0.9523,-0.3046,0,0.0636,0.3029,0.9509,0,0,2.5083,0,1]},
{"frame":10,"values":[0.9977,-0.033,-0.0588,0,0.0141,0.9548,-0.2969,0,0.066,0.2954,0.9531,0,0,2.5083,0,1]},
{"frame":11,"values":[0.9978,-0.035,-0.057,0,0.0163,0.9537,-0.3003,0,0.0649,0.2987,0.9521,0,0,2.5083,0,1]},
{"frame":12,"values":[0.9978,-0.041,-0.0516,0,0.023,0.9503,-0.3106,0,0.0618,0.3087,0.9491,0,0,2.5083,0,1]},
{"frame":13,"values":[0.9978,-0.0508,-0.0424,0,0.0341,0.9442,-0.3275,0,0.0567,0.3254,0.9439,0,0,2.5083,0,1]},
{"frame":14,"values":[0.9975,-0.064,-0.0294,0,0.0497,0.9352,-0.3506,0,0.05,0.3483,0.9361,0,0,2.5083,0,1]},
{"frame":15,"values":[0.9967,-0.0801,-0.0128,0,0.0693,0.9229,-0.3788,0,0.0422,0.3767,0.9254,0,0,2.5083,0,1]},
{"frame":16,"values":[0.9952,-0.098,0.007,0,0.0922,0.9072,-0.4105,0,0.0338,0.4092,0.9118,0,0,2.5083,0,1]},
{"frame":17,"values":[0.9928,-0.1166,0.0293,0,0.1174,0.8883,-0.444,0,0.0257,0.4442,0.8955,0,0,2.5083,0,1]},
{"frame":18,"values":[0.9895,-0.1347,0.0529,0,0.1435,0.867,-0.4771,0,0.0184,0.4797,0.8773,0,0,2.5083,0,1]},
{"frame":19,"values":[0.9855,-0.1514,0.0765,0,0.1691,0.8446,-0.508,0,0.0123,0.5135,0.858,0,0,2.5083,0,1]},
{"frame":20,"values":[0.9812,-0.1657,0.0986,0,0.1927,0.8225,-0.5351,0,0.0076,0.5441,0.839,0,0,2.5083,0,1]},
{"frame":21,"values":[0.977,-0.1775,0.1181,0,0.2131,0.8023,-0.5576,0,0.0042,0.5699,0.8217,0,0,2.5083,0,1]},
{"frame":22,"values":[0.9733,-0.1864,0.134,0,0.2295,0.7854,-0.5749,0,0.0019,0.5903,0.8072,0,0,2.5083,0,1]},
{"frame":23,"values":[0.9704,-0.1925,0.1455,0,0.2414,0.7727,-0.5871,0,0.0006,0.6049,0.7963,0,0,2.5083,0,1]},
{"frame":24,"values":[0.9686,-0.1961,0.1525,0,0.2485,0.765,-0.5942,0,-0.0001,0.6135,0.7897,0,0,2.5083,0,1]},
{"frame":25,"values":[0.968,-0.1973,0.1548,0,0.2508,0.7624,-0.5966,0,-0.0003,0.6163,0.7875,0,0,2.5083,0,1]}],"loopBehavior":1,"name":"anim","property":"_matrix"}}]
,"ranges":[{"name":"Idle","from":0,"to":25}]}],
"meshes":[{"name":"Character","id":"Character","materialId":"kawaii.Multimaterial#0","billboardMode":0,"position":[0,0,0],"rotation":[0,0,0],"scaling":[1,1,1],"isVisible":true,"freezeWorldMatrix":false,"isEnabled":true,"checkCollisions":false,"receiveShadows":false,"pickable":true,"tags":"","skeletonId":0,"numBoneInfluencers":6
,"positions":[0.5565,4.636,0.6107,1.4492,4.636,0.4802,0.5565,4.636,0.6107,-0.3615,4.709,-1.2222,-1.2663,4.709,-1.3325,-0.3615,4.709,-1.2222,1.3395,4.6725,-0.4388,1.2298,4.709,-1.3577,1.3395,4.6725,-0.4388,-0.3051,6.3593,0.8776,0.3218,6.9836,1.0979,0.3051,6.3593,0.8776,0.3371,4.709,-1.2272,0.4468,4.6725,-0.3083,0.4468,4.6725,-0.3083,-0.5468,4.636,0.6363,-0.4542,4.6725,-0.2929
,-0.4495,4.6667,-0.2574,1.2298,4.709,-1.3577,0.3371,4.709,-1.2272,-1.4517,4.636,0.526,-1.4517,4.636,0.526,-0.5468,4.636,0.6363,-1.359,4.6725,-0.4032,-1.359,4.6725,-0.4032,0.5565,4.636,0.6107,1.4492,4.636,0.4802,1.2298,4.709,-1.3577,0.3371,4.709,-1.2272,-1.4517,4.636,0.526,-0.5468,4.636,0.6363,-0.3615,4.709,-1.2222,-1.2663,4.709,-1.3325,-0.5468,4.636,0.6363
,0.5565,4.636,0.6107,0.3371,4.709,-1.2272,-0.3615,4.709,-1.2222,-1.359,4.6725,-0.4032,-0.4542,4.6725,-0.2929,0.4468,4.6725,-0.3083,1.3395,4.6725,-0.4388,-1.2663,4.709,-1.3325,1.4492,4.636,0.4802,-0.3218,6.9836,1.0979,-0.857,7.1013,0.4575,-0.6992,7.3933,1.0721,-0.8269,6.8683,1.01,0.3218,6.9836,1.0979,0.7124,7.3086,1.0756,0.8272,6.8146,0.9796,0.8614,7.0755,0.4643
,0.7633,7.696,0.3107,0.8957,7.3365,-0.051,-0.3218,6.9836,1.0979,-0.2012,7.4986,0.9663,-0.5468,4.636,0.6363,0.2834,5.5433,0.5897,0.5565,4.636,0.6107,-0.8501,5.5433,0.5897,-1.4517,4.636,0.526,0.3371,4.709,-1.2272,-0.2834,5.8993,-0.6363,-0.3615,4.709,-1.2222,0.8501,5.8993,-0.6363,1.2298,4.709,-1.3577,-0.8501,5.8993,-0.6363,-1.2663,4.709,-1.3325,1.3395,4.6725,-0.4388
,0.8501,5.5433,0.5897,1.4492,4.636,0.4802,-0.8501,5.7213,-0.0233,-1.359,4.6725,-0.4032,-0.3051,6.3593,0.8776,-0.2834,5.5433,0.5897,-0.7155,6.4046,0.7733,0.3051,6.7426,-0.4426,0.2834,5.8993,-0.6363,-0.3051,6.7426,-0.4426,0.7392,6.6383,0.243,0.8501,5.7213,-0.0233,0.7717,6.8858,-0.2457,0.7067,6.3909,0.7315,0.3051,6.3593,0.8776,-0.7441,6.6255,0.2494,0.5565,4.636,0.6107
,-0.4542,4.6725,-0.2929,-0.5468,4.636,0.6363,1.3395,4.6725,-0.4388,0.3371,4.709,-1.2272,0.4468,4.6725,-0.3083,-1.359,4.6725,-0.4032,-0.3615,4.709,-1.2222,-1.2663,4.709,-1.3325,0.4468,4.6725,-0.3083,-0.3615,4.709,-1.2222,-1.4517,4.636,0.526,-0.4542,4.6725,-0.2929,1.4492,4.636,0.4802,0.5565,4.636,0.6107,-0.7727,6.8464,-0.2745,-0.744,7.7391,0.2519,-0.8872,7.3342,-0.095
,-0.7216,7.5662,0.662,0.2017,7.4989,0.9658,0.7379,7.5023,0.6932,1.2298,4.709,-1.3577,0.3371,4.709,-1.2272,-0.5468,4.636,0.6363,-0.0056,7.7804,0.7529,0.6842,8.0176,0.2804,-0.2635,8.0257,-0.0385,1.1432,8.6666,-0.0727,1.3449,8.5333,0.7606,-0.8402,8.0175,0.7553,-0.2635,8.0093,1.5491,0.6753,8.0033,1.2496,1.5043,9.373,0.2787,-0.4444,8.6719,-0.5885,0.4118,8.5465,-0.5237
,-0.0056,9.3843,-0.8183,-1.4256,8.658,0.7619,-1.0982,8.5415,-0.0331,-1.5155,9.373,0.2787,-0.4444,8.6459,2.1042,-1.0982,8.5251,1.5544,-0.9387,9.3547,2.0536,1.1432,8.6494,1.5965,0.4118,8.5201,2.0449,0.9276,9.3547,2.0536,0.9276,9.3812,-0.5151,-0.9387,9.3812,-0.5151,-1.5155,9.3629,1.2598,-0.0056,9.3516,2.3567,1.5043,9.3629,1.2598,0.4332,10.0918,-0.5739,1.087,10.2107,-0.0159
,0.2523,10.7266,-0.0106,-1.1544,10.0865,-0.0581,-0.4229,10.2158,-0.5065,-0.6808,10.7234,0.2926,-1.1544,10.0693,1.6111,-1.3561,10.2026,0.7778,-0.6808,10.7133,1.2737,0.4332,10.064,2.127,-0.4229,10.1893,2.0621,0.2523,10.7102,1.5769,1.4144,10.0779,0.7765,1.087,10.1944,1.5716,0.8291,10.7184,0.7831,-0.0056,10.9555,0.7856,0.8843,6.7888,0.4427,0.8422,6.941,-0.0332,0.9689,7.117,0.2588
