{"producer":{"name":"Blender","version":"2.79 (sub 0)","exporter_version":"5.6.4","file":"kawaii.babylon"},
"autoClear":true,"clearColor":[0.0509,0.0509,0.0509],"ambientColor":[0,0,0],"gravity":[0,-9.81,0],
"materials":[{"name":"kawaii.Purple","id":"kawaii.Purple","ambient":[0.162,0,0.4735],"diffuse":[0.1296,0,0.3788],"specular":[0.5,0.5,0.5],"emissive":[0,0,0],"specularPower":50,"alpha":1,"backFaceCulling":true,"checkReadyOnlyOnce":false,"maxSimultaneousLights":4},
{"name":"kawaii.Pink","id":"kawaii.Pink","ambient":[0.8,0.2769,0.6979],"diffuse":[0.64,0.2215,0.5583],"specular":[0.5,0.5,0.5],"emissive":[0,0,0],"specularPower":50,"alpha":1,"backFaceCulling":true,"checkReadyOnlyOnce":false,"maxSimultaneousLights":4},
{"name":"kawaii.Blue","id":"kawaii.Blue","ambient":[0.0136,0.8,0.7771],"diffuse":[0.0108,0.64,0.6217],"specular":[0.5,0.5,0.5],"emissive":[0,0,0],"specularPower":50,"alpha":1,"backFaceCulling":true,"checkReadyOnlyOnce":false,"maxSimultaneousLights":4}],
"multiMaterials":[{"name":"kawaii.Multimaterial#0","id":"kawaii.Multimaterial#0","materials":["kawaii.Purple","kawaii.Pink","kawaii.Blue"]}],
"skeletons":[{"name":"Armature","id":0,"dimensionsAtRest":[9.6222,11.5736,0],"bones":[
{"name":"RootInLowerStomach","index":0,"matrix":[1,0,0,0,0,0.9644,0.2645,0,0,0.2645,-0.9644,0,-0.0197,5.0653,-0.002,1],"rest":[1,0,0,0,0,1,0,0,0,0,-1,0,-0.0197,5.497,-0.002,1],"parentBoneIndex":-1,"length":1
,"animation":{"dataType":3,"framePerSecond":25,"keys":[
{"frame":0,"values":[1,0,0,0,0,1,0,0,0,0,-1,0,-0.0197,4.6228,-0.002,1]},
{"frame":1,"values":[1,0,0,0,0,1,0,0,0,0,-1,0,-0.0197,4.6311,-0.002,1]},
{"frame":2,"values":[1,0,0,0,0,1,0,0,0,0,-1,0,-0.0197,4.6563,-0.002,1]},
{"frame":3,"values":[1,0,0,0,0,1,0,0,0,0,-1,0,-0.0197,4.6972,-0.002,1]},
{"frame":4,"values":[1,0,0,0,0,1,0,0,0,0,-1,0,-0.0197,4.7507,-0.002,1]},
{"frame":5,"values":[1,0,0,0,0,1,0,0,0,0,-1,0,-0.0197,4.8113,-0.002,1]},
{"frame":6,"values":[1,0,0,0,0,1,0,0,0,0,-1,0,-0.0197,4.8719,-0.002,1]},
{"frame":7,"values":[1,0,0,0,0,1,0,0,0,0,-1,0,-0.0197,4.9254,-0.002,1]},
{"frame":8,"values":[1,0,0,0,0,1,0,0,0,0,-1,0,-0.0197,4.9663,-0.002,1]},
{"frame":9,"values":[1,0,0,0,0,1,0,0,0,0,-1,0,-0.0197,4.9914,-0.002,1]},
{"frame":10,"values":[1,0,0,0,0,1,0,0,0,0,-1,0,-0.0197,4.9998,-0.002,1]},
{"frame":11,"values":[1,0,0,0,0,1,0,0,0,0,-1,0,-0.0197,4.9961,-0.002,1]},
{"frame":12,"values":[1,0,0,0,0,1,0,0,0,0,-1,0,-0.0197,4.9849,-0.002,1]},
{"frame":13,"values":[1,0,0,0,0,1,0,0,0,0,-1,0,-0.0197,4.9663,-0.002,1]},
{"frame":14,"values":[1,0,0,0,0,1,0,0,0,0,-1,0,-0.0197,4.9406,-0.002,1]},
{"frame":15,"values":[1,0,0,0,0,1,0,0,0,0,-1,0,-0.0197,4.9087,-0.002,1]},
{"frame":16,"values":[1,0,0,0,0,1,0,0,0,0,-1,0,-0.0197,4.8719,-0.002,1]},
{"frame":17,"values":[1,0,0,0,0,1,0,0,0,0,-1,0,-0.0197,4.8319,-0.002,1]},
{"frame":18,"values":[1,0,0,0,0,1,0,0,0,0,-1,0,-0.0197,4.7907,-0.002,1]},
{"frame":19,"values":[1,0,0,0,0,1,0,0,0,0,-1,0,-0.0197,4.7507,-0.002,1]},
{"frame":20,"values":[1,0,0,0,0,1,0,0,0,0,-1,0,-0.0197,4.7139,-0.002,1]},
{"frame":21,"values":[1,0,0,0,0,1,0,0,0,0,-1,0,-0.0197,4.682,-0.002,1]},
{"frame":22,"values":[1,0,0,0,0,1,0,0,0,0,-1,0,-0.0197,4.6563,-0.002,1]},
{"frame":23,"values":[1,0,0,0,0,1,0,0,0,0,-1,0,-0.0197,4.6377,-0.002,1]},
{"frame":24,"values":[1,0,0,0,0,1,0,0,0,0,-1,0,-0.0197,4.6265,-0.002,1]},
{"frame":25,"values":[1,0,0,0,0,1,0,0,0,0,-1,0,-0.0197,4.6228,-0.002,1]},
{"frame":30,"values":[1,0,0,0,0,0.9644,0.2645,0,0,0.2645,-0.9644,0,-0.0197,5.0653,-0.002,1]},
{"frame":41,"values":[1,0,0,0,0,0.9654,0.2607,0,0,0.2607,-0.9654,0,-0.0197,5.0653,-0.002,1]},
{"frame":42,"values":[1,0,0,0,0,0.9684,0.2494,0,0,0.2494,-0.9684,0,-0.0197,5.0653,-0.002,1]},
{"frame":43,"values":[1,0,0,0,0,0.973,0.2309,0,0,0.2309,-0.973,0,-0.0197,5.0653,-0.002,1]},
{"frame":44,"values":[1,0,0,0,0,0.9784,0.2065,0,0,0.2065,-0.9784,0,-0.0197,5.0653,-0.002,1]},
{"frame":45,"values":[1,0,0,0,0,0.9839,0.1788,0,0,0.1788,-0.9839,0,-0.0197,5.0653,-0.002,1]},
{"frame":46,"values":[1,0,0,0,0,0.9885,0.1509,0,0,0.1509,-0.9885,0,-0.0197,5.0653,-0.002,1]},
{"frame":47,"values":[1,0,0,0,0,0.992,0.1262,0,0,0.1262,-0.992,0,-0.0197,5.0653,-0.002,1]},
{"frame":48,"values":[1,0,0,0,0,0.9942,0.1073,0,0,0.1073,-0.9942,0,-0.0197,5.0653,-0.002,1]},
{"frame":49,"values":[1,0,0,0,0,0.9954,0.0956,0,0,0.0956,-0.9954,0,-0.0197,5.0653,-0.002,1]},
{"frame":50,"values":[1,0,0,0,0,0.9958,0.0918,0,0,0.0918,-0.9958,0,-0.0197,5.0653,-0.002,1]},
{"frame":71,"values":[1,0,0,0,0,0.9954,0.0956,0,0,0.0956,-0.9954,0,-0.0197,5.0653,-0.002,1]},
{"frame":72,"values":[1,0,0,0,0,0.9942,0.1073,0,0,0.1073,-0.9942,0,-0.0197,5.0653,-0.002,1]},
{"frame":73,"values":[1,0,0,0,0,0.992,0.1262,0,0,0.1262,-0.992,0,-0.0197,5.0653,-0.002,1]},
{"frame":74,"values":[1,0,0,0,0,0.9885,0.1509,0,0,0.1509,-0.9885,0,-0.0197,5.0653,-0.002,1]},
{"frame":75,"values":[1,0,0,0,0,0.9839,0.1788,0,0,0.1788,-0.9839,0,-0.0197,5.0653,-0.002,1]},
{"frame":76,"values":[1,0,0,0,0,0.9784,0.2065,0,0,0.2065,-0.9784,0,-0.0197,5.0653,-0.002,1]},
{"frame":77,"values":[1,0,0,0,0,0.973,0.2309,0,0,0.2309,-0.973,0,-0.0197,5.0653,-0.002,1]},
{"frame":78,"values":[1,0,0,0,0,0.9684,0.2494,0,0,0.2494,-0.9684,0,-0.0197,5.0653,-0.002,1]},
{"frame":79,"values":[1,0,0,0,0,0.9654,0.2607,0,0,0.2607,-0.9654,0,-0.0197,5.0653,-0.002,1]},
{"frame":80,"values":[1,0,0,0,0,0.9644,0.2645,0,0,0.2645,-0.9644,0,-0.0197,5.0653,-0.002,1]}],"loopBehavior":1,"name":"anim","property":"_matrix"}},
{"name":"Stomach","index":1,"matrix":[1,0,0,0,0,1,0,0,0,0,1,0,0,1,0,1],"rest":[1,0,0,0,0,1,0,0,0,0,1,0,0,1,0,1],"parentBoneIndex":0,"length":1.2649
,"animation":{"dataType":3,"framePerSecond":25,"keys":[
{"frame":0,"values":[1,0,0,0,0,0.9349,-0.3549,0,0,0.3549,0.9349,0,0,1,0,1]},
{"frame":1,"values":[1,0.0016,0.0046,0,0.0001,0.9369,-0.3496,0,-0.0049,0.3496,0.9369,0,0,1,0,1]},
{"frame":2,"values":[0.9998,0.0064,0.0185,0,0.0001,0.9427,-0.3335,0,-0.0196,0.3335,0.9426,0,0,1,0,1]},
{"frame":3,"values":[0.999,0.0138,0.0414,0,-0.0004,0.9517,-0.3071,0,-0.0436,0.3068,0.9508,0,0,1,0,1]},
{"frame":4,"values":[0.9972,0.0223,0.0716,0,-0.002,0.9623,-0.2721,0,-0.0749,0.2712,0.9596,0,0,1,0,1]},
{"frame":5,"values":[0.9939,0.0307,0.1061,0,-0.0053,0.9727,-0.2321,0,-0.1103,0.2301,0.9669,0,0,1,0,1]},
{"frame":6,"values":[0.9893,0.0376,0.1408,0,-0.01,0.9814,-0.1918,0,-0.1454,0.1883,0.9713,0,0,1,0,1]},
{"frame":7,"values":[0.9843,0.0424,0.1714,0,-0.0154,0.9876,-0.1561,0,-0.1759,0.151,0.9727,0,0,1,0,1]},
{"frame":8,"values":[0.9798,0.0453,0.1948,0,-0.0202,0.9914,-0.1289,0,-0.199,0.1224,0.9723,0,0,1,0,1]},
{"frame":9,"values":[0.9768,0.0467,0.2092,0,-0.0235,0.9934,-0.1122,0,-0.213,0.1047,0.9714,0,0,1,0,1]},
{"frame":10,"values":[0.9757,0.0472,0.2139,0,-0.0247,0.994,-0.1067,0,-0.2177,0.0988,0.971,0,0,1,0,1]},
{"frame":11,"values":[0.9762,0.047,0.2118,0,-0.0241,0.9937,-0.1091,0,-0.2156,0.1014,0.9712,0,0,1,0,1]},
{"frame":12,"values":[0.9776,0.0464,0.2055,0,-0.0226,0.9929,-0.1165,0,-0.2094,0.1093,0.9717,0,0,1,0,1]},
{"frame":13,"values":[0.9798,0.0453,0.1948,0,-0.0202,0.9914,-0.1289,0,-0.199,0.1224,0.9723,0,0,1,0,1]},
{"frame":14,"values":[0.9827,0.0436,0.1802,0,-0.0171,0.9891,-0.146,0,-0.1846,0.1404,0.9727,0,0,1,0,1]},
{"frame":15,"values":[0.986,0.041,0.1619,0,-0.0136,0.9858,-0.1672,0,-0.1665,0.1627,0.9725,0,0,1,0,1]},
{"frame":16,"values":[0.9893,0.0376,0.1408,0,-0.01,0.9814,-0.1918,0,-0.1454,0.1883,0.9713,0,0,1,0,1]},
{"frame":17,"values":[0.9925,0.0332,0.1178,0,-0.0067,0.9758,-0.2184,0,-0.1223,0.216,0.9687,0,0,1,0,1]},
{"frame":18,"values":[0.9951,0.028,0.0943,0,-0.004,0.9693,-0.2457,0,-0.0983,0.2441,0.9647,0,0,1,0,1]},
{"frame":19,"values":[0.9972,0.0223,0.0716,0,-0.002,0.9623,-0.2721,0,-0.0749,0.2712,0.9596,0,0,1,0,1]},
{"frame":20,"values":[0.9986,0.0165,0.0507,0,-0.0008,0.9551,-0.2962,0,-0.0534,0.2958,0.9538,0,0,1,0,1]},
{"frame":21,"values":[0.9994,0.0111,0.0328,0,-0.0001,0.9484,-0.317,0,-0.0347,0.3168,0.9479,0,0,1,0,1]},
{"frame":22,"values":[0.9998,0.0064,0.0185,0,0.0001,0.9427,-0.3335,0,-0.0196,0.3335,0.9426,0,0,1,0,1]},
{"frame":23,"values":[1,0.0029,0.0082,0,0.0001,0.9384,-0.3455,0,-0.0087,0.3454,0.9384,0,0,1,0,1]},
{"frame":24,"values":[1,0.0007,0.002,0,0,0.9358,-0.3526,0,-0.0022,0.3526,0.9358,0,0,1,0,1]},
{"frame":25,"values":[1,0,0,0,0,0.9349,-0.3549,0,0,0.3549,0.9349,0,0,1,0,1]},
{"frame":30,"values":[1,0,0,0,0,1,0,0,0,0,1,0,0,1,0,1]},
{"frame":41,"values":[1,0,-0.0004,0,0,1,0,0,0.0004,0,1,0,0,1,0,1]},
{"frame":42,"values":[1,0.0001,-0.0014,0,-0.0001,1,-0.0004,0,0.0014,0.0004,1,0,0,1,0,1]},
{"frame":43,"values":[1,0.0003,-0.0032,0,-0.0003,1,-0.0014,0,0.0032,0.0014,1,0,0,1,0,1]},
{"frame":44,"values":[1,0.0005,-0.0055,0,-0.0005,1,-0.0036,0,0.0055,0.0036,1,0,0,1,0,1]},
{"frame":45,"values":[1,0.0007,-0.0081,0,-0.0008,1,-0.0076,0,0.0081,0.0076,0.9999,0,0,1,0,1]},
{"frame":46,"values":[0.9999,0.0009,-0.0107,0,-0.0011,0.9999,-0.0137,0,0.0107,0.0137,0.9998,0,0,1,0,1]},
{"frame":47,"values":[0.9999,0.0011,-0.013,0,-0.0013,0.9998,-0.0221,0,0.0129,0.0221,0.9997,0,0,1,0,1]},
{"frame":48,"values":[0.9999,0.0011,-0.0147,0,-0.0016,0.9995,-0.0329,0,0.0147,0.0329,0.9993,0,0,1,0,1]},
{"frame":49,"values":[0.9999,0.0011,-0.0158,0,-0.0018,0.9989,-0.0458,0,0.0158,0.0459,0.9988,0,0,1,0,1]},
{"frame":50,"values":[0.9999,0.001,-0.0162,0,-0.002,0.9982,-0.0605,0,0.0161,0.0606,0.998,0,0,1,0,1]},
{"frame":51,"values":[0.9999,0.0008,-0.0162,0,-0.0021,0.9968,-0.0801,0,0.0161,0.0801,0.9967,0,0,1,0,1]},
{"frame":52,"values":[0.9999,0.0004,-0.0162,0,-0.0022,0.9942,-0.1077,0,0.0161,0.1077,0.9941,0,0,1,0,1]},
{"frame":53,"values":[0.9999,-0.0001,-0.0162,0,-0.0022,0.9898,-0.1423,0,0.0161,0.1423,0.9897,0,0,1,0,1]},
{"frame":54,"values":[0.9999,-0.0008,-0.0162,0,-0.0022,0.9833,-0.1818,0,0.0161,0.1818,0.9832,0,0,1,0,1]},
{"frame":55,"values":[0.9999,-0.0015,-0.0162,0,-0.0022,0.9749,-0.2228,0,0.0161,0.2228,0.9747,0,0,1,0,1]},
{"frame":56,"values":[0.9999,-0.0022,-0.0161,0,-0.0021,0.9652,-0.2614,0,0.0161,0.2614,0.9651,0,0,1,0,1]},
{"frame":57,"values":[0.9999,-0.0028,-0.016,0,-0.0021,0.9558,-0.2939,0,0.0161,0.2938,0.9557,0,0,1,0,1]},
{"frame":58,"values":[0.9999,-0.0032,-0.0159,0,-0.002,0.9482,-0.3178,0,0.0161,0.3178,0.948,0,0,1,0,1]},
{"frame":59,"values":[0.9999,-0.0035,-0.0159,0,-0.002,0.9432,-0.3321,0,0.0161,0.3321,0.9431,0,0,1,0,1]},
{"frame":60,"values":[0.9999,-0.0036,-0.0158,0,-0.002,0.9416,-0.3368,0,0.0161,0.3368,0.9414,0,0,1,0,1]},
{"frame":61,"values":[0.9999,-0.0035,-0.0159,0,-0.002,0.9432,-0.3321,0,0.0161,0.3321,0.9431,0,0,1,0,1]},
{"frame":62,"values":[0.9999,-0.0032,-0.0159,0,-0.002,0.9482,-0.3178,0,0.0161,0.3178,0.948,0,0,1,0,1]},
{"frame":63,"values":[0.9999,-0.0028,-0.016,0,-0.0021,0.9558,-0.2939,0,0.0161,0.2938,0.9557,0,0,1,0,1]},
{"frame":64,"values":[0.9999,-0.0022,-0.0161,0,-0.0021,0.9652,-0.2614,0,0.0161,0.2614,0.9651,0,0,1,0,1]},
{"frame":65,"values":[0.9999,-0.0015,-0.0162,0,-0.0022,0.9749,-0.2228,0,0.0161,0.2228,0.9747,0,0,1,0,1]},
{"frame":66,"values":[0.9999,-0.0008,-0.0162,0,-0.0022,0.9833,-0.1818,0,0.0161,0.1818,0.9832,0,0,1,0,1]},
{"frame":67,"values":[0.9999,-0.0001,-0.0162,0,-0.0022,0.9898,-0.1423,0,0.0161,0.1423,0.9897,0,0,1,0,1]},
{"frame":68,"values":[0.9999,0.0004,-0.0162,0,-0.0022,0.9942,-0.1077,0,0.0161,0.1077,0.9941,0,0,1,0,1]},
{"frame":69,"values":[0.9999,0.0008,-0.0162,0,-0.0021,0.9968,-0.0801,0,0.0161,0.0801,0.9967,0,0,1,0,1]},
{"frame":70,"values":[0.9999,0.001,-0.0162,0,-0.002,0.9982,-0.0605,0,0.0161,0.0606,0.998,0,0,1,0,1]},
{"frame":71,"values":[0.9999,0.0011,-0.0158,0,-0.0018,0.9989,-0.0458,0,0.0158,0.0459,0.9988,0,0,1,0,1]},
{"frame":72,"values":[0.9999,0.0011,-0.0147,0,-0.0016,0.9995,-0.0329,0,0.0147,0.0329,0.9993,0,0,1,0,1]},
{"frame":73,"values":[0.9999,0.0011,-0.013,0,-0.0013,0.9998,-0.0221,0,0.0129,0.0221,0.9997,0,0,1,0,1]},
{"frame":74,"values":[0.9999,0.0009,-0.0107,0,-0.0011,0.9999,-0.0137,0,0.0107,0.0137,0.9998,0,0,1,0,1]},
{"frame":75,"values":[1,0.0007,-0.0081,0,-0.0008,1,-0.0076,0,0.0081,0.0076,0.9999,0,0,1,0,1]},
{"frame":76,"values":[1,0.0005,-0.0055,0,-0.0005,1,-0.0036,0,0.0055,0.0036,1,0,0,1,0,1]},
{"frame":77,"values":[1,0.0003,-0.0032,0,-0.0003,1,-0.0014,0,0.0032,0.0014,1,0,0,1,0,1]},
{"frame":78,"values":[1,0.0001,-0.0014,0,-0.0001,1,-0.0004,0,0.0014,0.0004,1,0,0,1,0,1]},
{"frame":79,"values":[1,0,-0.0004,0,0,1,0,0,0.0004,0,1,0,0,1,0,1]},
{"frame":80,"values":[1,0,0,0,0,1,0,0,0,0,1,0,0,1,0,1]}],"loopBehavior":1,"name":"anim","property":"_matrix"}},
{"name":"AboveStomach","index":2,"matrix":[1,0,0,0,0,0.9908,0.1355,0,0,-0.1355,0.9908,0,0,1.2649,0,1],"rest":[1,0,0,0,0,1,0,0,0,0,1,0,0,1.2649,0,1],"parentBoneIndex":1,"length":0.8109
,"animation":{"dataType":3,"framePerSecond":25,"keys":[
{"frame":0,"values":[1,0,0,0,0,0.9929,-0.1193,0,0,0.1193,0.9929,0,0,1.2649,0,1]},
{"frame":25,"values":[1,0,0,0,0,0.9929,-0.1193,0,0,0.1193,0.9929,0,0,1.2649,0,1]},
{"frame":30,"values":[1,0,0,0,0,0.9908,0.1355,0,0,-0.1355,0.9908,0,0,1.2649,0,1]},
{"frame":80,"values":[1,0,0,0,0,0.9908,0.1355,0,0,-0.1355,0.9908,0,0,1.2649,0,1]}],"loopBehavior":1,"name":"anim","property":"_matrix"}},
{"name":"Head","index":3,"matrix":[1,0,0,0,0,1,0,0,0,0,1,0,0,0.8109,0,1],"rest":[1,0,0,0,0,1,0,0,0,0,1,0,0,0.8109,0,1],"parentBoneIndex":2,"length":3.3191
,"animation":{"dataType":3,"framePerSecond":25,"keys":[
{"frame":0,"values":[1,0,0,0,0,0.8906,0.4548,0,0,-0.4548,0.8906,0,0,0.8109,0,1]},
{"frame":1,"values":[1,0.0014,-0.0045,0,0.0008,0.8904,0.4552,0,0.0046,-0.4552,0.8904,0,0,0.8109,0,1]},
{"frame":2,"values":[0.9998,0.0057,-0.018,0,0.0031,0.8899,0.4562,0,0.0186,-0.4561,0.8897,0,0,0.8109,0,1]},
{"frame":3,"values":[0.9991,0.0127,-0.0399,0,0.0069,0.8891,0.4577,0,0.0413,-0.4576,0.8882,0,0,0.8109,0,1]},
{"frame":4,"values":[0.9974,0.022,-0.0685,0,0.012,0.8881,0.4596,0,0.071,-0.4592,0.8855,0,0,0.8109,0,1]},
{"frame":5,"values":[0.9944,0.0325,-0.1009,0,0.0178,0.8869,0.4615,0,0.1045,-0.4607,0.8814,0,0,0.8109,0,1]},
{"frame":6,"values":[0.9902,0.0431,-0.1331,0,0.0237,0.8859,0.4633,0,0.1379,-0.4619,0.8762,0,0,0.8109,0,1]},
{"frame":7,"values":[0.9855,0.0525,-0.1614,0,0.029,0.885,0.4647,0,0.1672,-0.4626,0.8706,0,0,0.8109,0,1]},
{"frame":8,"values":[0.9813,0.0596,-0.1829,0,0.033,0.8844,0.4656,0,0.1895,-0.463,0.8659,0,0,0.8109,0,1]},
{"frame":9,"values":[0.9785,0.064,-0.196,0,0.0355,0.884,0.4662,0,0.2031,-0.4631,0.8627,0,0,0.8109,0,1]},
{"frame":10,"values":[0.9775,0.0655,-0.2004,0,0.0364,0.8838,0.4664,0,0.2077,-0.4632,0.8616,0,0,0.8109,0,1]},
{"frame":11,"values":[0.978,0.0649,-0.1985,0,0.036,0.8839,0.4663,0,0.2057,-0.4632,0.8621,0,0,0.8109,0,1]},
{"frame":12,"values":[0.9793,0.0629,-0.1926,0,0.0349,0.8841,0.466,0,0.1996,-0.4631,0.8635,0,0,0.8109,0,1]},
{"frame":13,"values":[0.9813,0.0596,-0.1829,0,0.033,0.8844,0.4656,0,0.1895,-0.463,0.8659,0,0,0.8109,0,1]},
{"frame":14,"values":[0.984,0.0551,-0.1694,0,0.0305,0.8848,0.465,0,0.1755,-0.4628,0.8689,0,0,0.8109,0,1]},
{"frame":15,"values":[0.987,0.0495,-0.1526,0,0.0274,0.8853,0.4643,0,0.1581,-0.4624,0.8724,0,0,0.8109,0,1]},
{"frame":16,"values":[0.9902,0.0431,-0.1331,0,0.0237,0.8859,0.4633,0,0.1379,-0.4619,0.8762,0,0,0.8109,0,1]},
{"frame":17,"values":[0.9931,0.0361,-0.1119,0,0.0198,0.8866,0.4621,0,0.1159,-0.4612,0.8797,0,0,0.8109,0,1]},
{"frame":18,"values":[0.9955,0.0289,-0.0899,0,0.0159,0.8873,0.4609,0,0.0931,-0.4603,0.8829,0,0,0.8109,0,1]},
{"frame":19,"values":[0.9974,0.022,-0.0685,0,0.012,0.8881,0.4596,0,0.071,-0.4592,0.8855,0,0,0.8109,0,1]},
{"frame":20,"values":[0.9987,0.0156,-0.0488,0,0.0085,0.8888,0.4583,0,0.0505,-0.4581,0.8875,0,0,0.8109,0,1]},
{"frame":21,"values":[0.9994,0.0101,-0.0317,0,0.0055,0.8894,0.4571,0,0.0328,-0.457,0.8888,0,0,0.8109,0,1]},
{"frame":22,"values":[0.9998,0.0057,-0.018,0,0.0031,0.8899,0.4562,0,0.0186,-0.4561,0.8897,0,0,0.8109,0,1]},
{"frame":23,"values":[1,0.0025,-0.008,0,0.0014,0.8903,0.4554,0,0.0083,-0.4554,0.8902,0,0,0.8109,0,1]},
{"frame":24,"values":[1,0.0006,-0.002,0,0.0003,0.8905,0.455,0,0.0021,-0.455,0.8905,0,0,0.8109,0,1]},
{"frame":25,"values":[1,0,0,0,0,0.8906,0.4548,0,0,-0.4548,0.8906,0,0,0.8109,0,1]},
{"frame":30,"values":[1,0,0,0,0,1,0,0,0,0,1,0,0,0.8109,0,1]},
{"frame":80,"values":[1,0,0,0,0,1,0,0,0,0,1,0,0,0.8109,0,1]}],"loopBehavior":1,"name":"anim","property":"_matrix"}},
{"name":"LeftArmRoot","index":4,"matrix":[0.3489,-0.0173,-0.937,0,-0.9323,0.0957,-0.3489,0,0.0957,0.9953,0.0173,0,0,1.2649,0,1],"rest":[0,0,-1,0,-1,0,0,0,0,1,0,0,0,1.2649,0,1],"parentBoneIndex":1,"length":0.8217
,"animation":{"dataType":3,"framePerSecond":25,"keys":[
{"frame":0,"values":[0,0,-1,0,-1,0,0,0,0,1,0,0,0,1.2649,0,1]},
{"frame":1,"values":[-0.0002,-0.0001,-1,0,-1,0.0002,0.0002,0,0.0002,1,-0.0001,0,0,1.2649,0,1]},
{"frame":2,"values":[-0.0007,-0.0002,-1,0,-1,0.0009,0.0007,0,0.0009,1,-0.0002,0,0,1.2649,0,1]},
{"frame":3,"values":[-0.0015,-0.0005,-1,0,-1,0.0021,0.0015,0,0.0021,1,-0.0005,0,0,1.2649,0,1]},
{"frame":4,"values":[-0.0026,-0.0009,-1,0,-1,0.0036,0.0026,0,0.0036,1,-0.0009,0,0,1.2649,0,1]},
{"frame":5,"values":[-0.0039,-0.0013,-1,0,-1,0.0053,0.0039,0,0.0053,1,-0.0013,0,0,1.2649,0,1]},
{"frame":6,"values":[-0.0051,-0.0017,-1,0,-1,0.007,0.0051,0,0.007,1,-0.0017,0,0,1.2649,0,1]},
{"frame":7,"values":[-0.0062,-0.002,-1,0,-0.9999,0.0085,0.0062,0,0.0085,1,-0.0021,0,0,1.2649,0,1]},
{"frame":8,"values":[-0.0071,-0.0023,-1,0,-0.9999,0.0097,0.007,0,0.0097,1,-0.0024,0,0,1.2649,0,1]},
{"frame":9,"values":[-0.0076,-0.0025,-1,0,-0.9999,0.0104,0.0076,0,0.0104,0.9999,-0.0026,0,0,1.2649,0,1]},
{"frame":10,"values":[-0.0078,-0.0025,-1,0,-0.9999,0.0106,0.0077,0,0.0106,0.9999,-0.0026,0,0,1.2649,0,1]},
{"frame":11,"values":[-0.0077,-0.0025,-1,0,-0.9999,0.0105,0.0077,0,0.0105,0.9999,-0.0026,0,0,1.2649,0,1]},
{"frame":12,"values":[-0.0075,-0.0024,-1,0,-0.9999,0.0102,0.0074,0,0.0102,0.9999,-0.0025,0,0,1.2649,0,1]},
{"frame":13,"values":[-0.0071,-0.0023,-1,0,-0.9999,0.0097,0.007,0,0.0097,1,-0.0024,0,0,1.2649,0,1]},
{"frame":14,"values":[-0.0065,-0.0021,-1,0,-0.9999,0.009,0.0065,0,0.009,1,-0.0022,0,0,1.2649,0,1]},
{"frame":15,"values":[-0.0059,-0.0019,-1,0,-1,0.0081,0.0059,0,0.0081,1,-0.002,0,0,1.2649,0,1]},
{"frame":16,"values":[-0.0051,-0.0017,-1,0,-1,0.007,0.0051,0,0.007,1,-0.0017,0,0,1.2649,0,1]},
{"frame":17,"values":[-0.0043,-0.0014,-1,0,-1,0.0059,0.0043,0,0.0059,1,-0.0014,0,0,1.2649,0,1]},
{"frame":18,"values":[-0.0035,-0.0011,-1,0,-1,0.0047,0.0034,0,0.0047,1,-0.0012,0,0,1.2649,0,1]},
{"frame":19,"values":[-0.0026,-0.0009,-1,0,-1,0.0036,0.0026,0,0.0036,1,-0.0009,0,0,1.2649,0,1]},
{"frame":20,"values":[-0.0019,-0.0006,-1,0,-1,0.0026,0.0019,0,0.0026,1,-0.0006,0,0,1.2649,0,1]},
{"frame":21,"values":[-0.0012,-0.0004,-1,0,-1,0.0017,0.0012,0,0.0017,1,-0.0004,0,0,1.2649,0,1]},
{"frame":22,"values":[-0.0007,-0.0002,-1,0,-1,0.0009,0.0007,0,0.0009,1,-0.0002,0,0,1.2649,0,1]},
{"frame":23,"values":[-0.0003,-0.0001,-1,0,-1,0.0004,0.0003,0,0.0004,1,-0.0001,0,0,1.2649,0,1]},
{"frame":24,"values":[-0.0001,0,-1,0,-1,0.0001,0.0001,0,0.0001,1,0,0,0,1.2649,0,1]},
{"frame":25,"values":[0,0,-1,0,-1,0,0,0,0,1,0,0,0,1.2649,0,1]},
{"frame":30,"values":[0.3489,-0.0173,-0.937,0,-0.9323,0.0957,-0.3489,0,0.0957,0.9953,0.0173,0,0,1.2649,0,1]},
{"frame":41,"values":[0.3343,-0.0168,-0.9423,0,-0.9377,0.0943,-0.3343,0,0.0945,0.9954,0.0158,0,0,1.2649,0,1]},
{"frame":42,"values":[0.2894,-0.0154,-0.9571,0,-0.9529,0.0902,-0.2896,0,0.0908,0.9958,0.0114,0,0,1.2649,0,1]},
{"frame":43,"values":[0.2144,-0.0136,-0.9767,0,-0.9731,0.0833,-0.2148,0,0.0843,0.9964,0.0046,0,0,1.2649,0,1]},
{"frame":44,"values":[0.1135,-0.0121,-0.9935,0,-0.9907,0.074,-0.114,0,0.0749,0.9972,-0.0036,0,0,1.2649,0,1]},
{"frame":45,"values":[-0.003,-0.0115,-0.9999,0,-0.998,0.0633,0.0023,0,0.0633,0.9979,-0.0116,0,0,1.2649,0,1]},
{"frame":46,"values":[-0.1195,-0.0121,-0.9928,0,-0.9915,0.0526,0.1187,0,0.0508,0.9985,-0.0183,0,0,1.2649,0,1]},
{"frame":47,"values":[-0.2203,-0.0137,-0.9753,0,-0.9746,0.0433,0.2195,0,0.0392,0.999,-0.0229,0,0,1.2649,0,1]},
{"frame":48,"values":[-0.2952,-0.0156,-0.9553,0,-0.955,0.0364,0.2945,0,0.0302,0.9992,-0.0256,0,0,1.2649,0,1]},
{"frame":49,"values":[-0.3399,-0.017,-0.9403,0,-0.9401,0.0323,0.3393,0,0.0246,0.9993,-0.0269,0,0,1.2649,0,1]},
{"frame":50,"values":[-0.3546,-0.0175,-0.9349,0,-0.9347,0.0309,0.354,0,0.0227,0.9994,-0.0273,0,0,1.2649,0,1]},
{"frame":61,"values":[-0.3377,-0.0165,-0.9411,0,-0.9409,0.0335,0.337,0,0.026,0.9993,-0.0268,0,0,1.2649,0,1]},
{"frame":62,"values":[-0.2859,-0.0139,-0.9582,0,-0.9576,0.0415,0.2851,0,0.0358,0.999,-0.0251,0,0,1.2649,0,1]},
{"frame":63,"values":[-0.1987,-0.0105,-0.98,0,-0.9787,0.0549,0.1978,0,0.0517,0.9984,-0.0211,0,0,1.2649,0,1]},
{"frame":64,"values":[-0.0807,-0.0078,-0.9967,0,-0.9941,0.073,0.0799,0,0.0721,0.9973,-0.0137,0,0,1.2649,0,1]},
{"frame":65,"values":[0.0554,-0.0075,-0.9984,0,-0.994,0.0939,-0.0559,0,0.0941,0.9956,-0.0023,0,0,1.2649,0,1]},
{"frame":66,"values":[0.1905,-0.01,-0.9816,0,-0.975,0.1145,-0.1904,0,0.1143,0.9934,0.0121,0,0,1.2649,0,1]},
{"frame":67,"values":[0.3058,-0.0145,-0.952,0,-0.9431,0.1322,-0.305,0,0.1302,0.9911,0.0267,0,0,1.2649,0,1]},
{"frame":68,"values":[0.39,-0.0193,-0.9206,0,-0.91,0.145,-0.3885,0,0.141,0.9892,0.039,0,0,1.2649,0,1]},
{"frame":69,"values":[0.4396,-0.0228,-0.8979,0,-0.8861,0.1526,-0.4376,0,0.147,0.988,0.0469,0,0,1.2649,0,1]},
{"frame":70,"values":[0.4556,-0.024,-0.8898,0,-0.8776,0.155,-0.4536,0,0.1488,0.9876,0.0496,0,0,1.2649,0,1]},
{"frame":71,"values":[0.4533,-0.0238,-0.891,0,-0.879,0.1537,-0.4513,0,0.1477,0.9878,0.0488,0,0,1.2649,0,1]},
{"frame":72,"values":[0.4464,-0.0231,-0.8945,0,-0.8831,0.1498,-0.4446,0,0.1443,0.9884,0.0465,0,0,1.2649,0,1]},
{"frame":73,"values":[0.4351,-0.0221,-0.9001,0,-0.8897,0.1434,-0.4335,0,0.1387,0.9894,0.0427,0,0,1.2649,0,1]},
{"frame":74,"values":[0.4201,-0.0209,-0.9072,0,-0.8979,0.135,-0.4189,0,0.1313,0.9906,0.0379,0,0,1.2649,0,1]},
{"frame":75,"values":[0.403,-0.0198,-0.915,0,-0.9069,0.1255,-0.4022,0,0.1228,0.9919,0.0327,0,0,1.2649,0,1]},
{"frame":76,"values":[0.3858,-0.0188,-0.9224,0,-0.9155,0.1159,-0.3852,0,0.1142,0.9931,0.0275,0,0,1.2649,0,1]},
{"frame":77,"values":[0.3704,-0.018,-0.9287,0,-0.9227,0.1075,-0.3701,0,0.1065,0.994,0.0232,0,0,1.2649,0,1]},
{"frame":78,"values":[0.3586,-0.0176,-0.9333,0,-0.928,0.101,-0.3585,0,0.1006,0.9947,0.0199,0,0,1.2649,0,1]},
{"frame":79,"values":[0.3513,-0.0174,-0.9361,0,-0.9312,0.097,-0.3513,0,0.0969,0.9951,0.0179,0,0,1.2649,0,1]},
{"frame":80,"values":[0.3489,-0.0173,-0.937,0,-0.9323,0.0957,-0.3489,0,0.0957,0.9953,0.0173,0,0,1.2649,0,1]}],"loopBehavior":1,"name":"anim","property":"_matrix"}},
{"name":"UpperLeftArm","index":5,"matrix":[0.6211,0.7122,0.3271,0,-0.1343,0.5079,-0.8509,0,-0.7721,0.4846,0.4112,0,0,0.8217,0,1],"rest":[1,0,0,0,0,1,0,0,0,0,1,0,0,0.8217,0,1],"parentBoneIndex":4,"length":1.9785
,"animation":{"dataType":3,"framePerSecond":25,"keys":[
{"frame":0,"values":[0.907,-0.193,-0.3743,0,-0.045,0.8393,-0.5419,0,0.4187,0.5083,0.7525,0,0,0.8217,0,1]},
{"frame":1,"values":[0.9087,-0.1863,-0.3737,0,-0.0524,0.837,-0.5447,0,0.4142,0.5145,0.7508,0,0,0.8217,0,1]},
{"frame":2,"values":[0.9133,-0.1659,-0.3719,0,-0.0745,0.8298,-0.5531,0,0.4003,0.5328,0.7455,0,0,0.8217,0,1]},
{"frame":3,"values":[0.9198,-0.1323,-0.3694,0,-0.1101,0.8166,-0.5666,0,0.3767,0.5618,0.7366,0,0,0.8217,0,1]},
{"frame":4,"values":[0.926,-0.0878,-0.3671,0,-0.1559,0.7967,-0.584,0,0.3437,0.598,0.7241,0,0,0.8217,0,1]},
{"frame":5,"values":[0.9301,-0.037,-0.3655,0,-0.2064,0.7705,-0.6031,0,0.3039,0.6364,0.7089,0,0,0.8217,0,1]},
{"frame":6,"values":[0.9308,0.014,-0.3653,0,-0.2551,0.7406,-0.6216,0,0.2618,0.6718,0.6929,0,0,0.8217,0,1]},
{"frame":7,"values":[0.9287,0.059,-0.3661,0,-0.2963,0.7114,-0.6373,0,0.2228,0.7003,0.6782,0,0,0.8217,0,1]},
{"frame":8,"values":[0.9254,0.093,-0.3673,0,-0.3266,0.6874,-0.6488,0,0.1921,0.7203,0.6665,0,0,0.8217,0,1]},
{"frame":9,"values":[0.9227,0.1138,-0.3683,0,-0.3446,0.6719,-0.6556,0,0.1729,0.7318,0.6592,0,0,0.8217,0,1]},
{"frame":10,"values":[0.9217,0.1207,-0.3687,0,-0.3505,0.6666,-0.6578,0,0.1664,0.7355,0.6567,0,0,0.8217,0,1]},
{"frame":11,"values":[0.9221,0.1177,-0.3686,0,-0.3479,0.669,-0.6568,0,0.1693,0.7339,0.6578,0,0,0.8217,0,1]},
{"frame":12,"values":[0.9235,0.1084,-0.3681,0,-0.34,0.676,-0.6538,0,0.1779,0.7289,0.6611,0,0,0.8217,0,1]},
{"frame":13,"values":[0.9254,0.093,-0.3673,0,-0.3266,0.6874,-0.6488,0,0.1921,0.7203,0.6665,0,0,0.8217,0,1]},
{"frame":14,"values":[0.9277,0.0717,-0.3665,0,-0.3077,0.7026,-0.6416,0,0.2115,0.708,0.6738,0,0,0.8217,0,1]},
{"frame":15,"values":[0.9296,0.045,-0.3657,0,-0.2837,0.7208,-0.6325,0,0.2351,0.6917,0.6828,0,0,0.8217,0,1]},
{"frame":16,"values":[0.9308,0.014,-0.3653,0,-0.2551,0.7406,-0.6216,0,0.2618,0.6718,0.6929,0,0,0.8217,0,1]},
{"frame":17,"values":[0.9307,-0.0197,-0.3653,0,-0.2232,0.7607,-0.6095,0,0.2899,0.6488,0.7036,0,0,0.8217,0,1]},
{"frame":18,"values":[0.9291,-0.0543,-0.3659,0,-0.1895,0.7798,-0.5967,0,0.3177,0.6237,0.7142,0,0,0.8217,0,1]},
{"frame":19,"values":[0.926,-0.0878,-0.3671,0,-0.1559,0.7967,-0.584,0,0.3437,0.598,0.7241,0,0,0.8217,0,1]},
{"frame":20,"values":[0.922,-0.1185,-0.3686,0,-0.1245,0.8107,-0.572,0,0.3666,0.5733,0.7327,0,0,0.8217,0,1]},
{"frame":21,"values":[0.9176,-0.1449,-0.3703,0,-0.0969,0.8217,-0.5616,0,0.3856,0.5511,0.74,0,0,0.8217,0,1]},
{"frame":22,"values":[0.9133,-0.1659,-0.3719,0,-0.0745,0.8298,-0.5531,0,0.4003,0.5328,0.7455,0,0,0.8217,0,1]},
{"frame":23,"values":[0.9099,-0.181,-0.3732,0,-0.0582,0.8352,-0.5468,0,0.4107,0.5193,0.7495,0,0,0.8217,0,1]},
{"frame":24,"values":[0.9077,-0.19,-0.374,0,-0.0483,0.8383,-0.5431,0,0.4167,0.5111,0.7518,0,0,0.8217,0,1]},
{"frame":25,"values":[0.907,-0.193,-0.3743,0,-0.045,0.8393,-0.5419,0,0.4187,0.5083,0.7525,0,0,0.8217,0,1]},
{"frame":30,"values":[0.6211,0.7122,0.3271,0,-0.1343,0.5079,-0.8509,0,-0.7721,0.4846,0.4112,0,0,0.8217,0,1]},
{"frame":31,"values":[0.6264,0.7129,0.3153,0,-0.1448,0.5039,-0.8515,0,-0.7659,0.4877,0.4189,0,0,0.8217,0,1]},
{"frame":32,"values":[0.6414,0.7146,0.2794,0,-0.1765,0.4918,-0.8526,0,-0.7466,0.4975,0.4416,0,0,0.8217,0,1]},
{"frame":33,"values":[0.6628,0.716,0.2192,0,-0.2287,0.4723,-0.8513,0,-0.713,0.5141,0.4768,0,0,0.8217,0,1]},
{"frame":34,"values":[0.6849,0.7155,0.1379,0,-0.2974,0.4472,-0.8435,0,-0.6652,0.5367,0.519,0,0,0.8217,0,1]},
{"frame":35,"values":[0.7013,0.7115,0.0435,0,-0.3747,0.4199,-0.8266,0,-0.6064,0.5634,0.5611,0,0,0.8217,0,1]},
{"frame":36,"values":[0.7083,0.704,-0.0518,0,-0.4504,0.3942,-0.801,0,-0.5435,0.5907,0.5964,0,0,0.8217,0,1]},
{"frame":37,"values":[0.7064,0.6947,-0.1355,0,-0.515,0.3732,-0.7717,0,-0.4855,0.6149,0.6214,0,0,0.8217,0,1]},
{"frame":38,"values":[0.6999,0.6861,-0.1985,0,-0.5625,0.3583,-0.7451,0,-0.4401,0.6332,0.6367,0,0,0.8217,0,1]},
{"frame":39,"values":[0.6936,0.6804,-0.2367,0,-0.591,0.3496,-0.727,0,-0.4119,0.6441,0.6446,0,0,0.8217,0,1]},
{"frame":40,"values":[0.6905,0.679,-0.2493,0,-0.601,0.3467,-0.7202,0,-0.4026,0.6471,0.6474,0,0,0.8217,0,1]},
{"frame":41,"values":[0.6879,0.6847,-0.2409,0,-0.5973,0.3453,-0.7239,0,-0.4125,0.6419,0.6465,0,0,0.8217,0,1]},
{"frame":42,"values":[0.6809,0.7002,-0.2148,0,-0.5837,0.3417,-0.7366,0,-0.4423,0.6269,0.6414,0,0,0.8217,0,1]},
{"frame":43,"values":[0.6675,0.7248,-0.1706,0,-0.5595,0.3371,-0.7572,0,-0.4913,0.6009,0.6305,0,0,0.8217,0,1]},
{"frame":44,"values":[0.6451,0.7561,-0.1101,0,-0.5246,0.3336,-0.7833,0,-0.5556,0.563,0.6118,0,0,0.8217,0,1]},
{"frame":45,"values":[0.612,0.79,-0.0378,0,-0.4807,0.3336,-0.811,0,-0.628,0.5144,0.5839,0,0,0.8217,0,1]},
{"frame":46,"values":[0.5689,0.8215,0.039,0,-0.4322,0.339,-0.8357,0,-0.6997,0.4585,0.5478,0,0,0.8217,0,1]},
{"frame":47,"values":[0.5199,0.8467,0.113,0,-0.3846,0.3501,-0.8541,0,-0.7628,0.4006,0.5077,0,0,0.8217,0,1]},
{"frame":48,"values":[0.4709,0.8639,0.1785,0,-0.3433,0.3659,-0.865,0,-0.8126,0.3461,0.4689,0,0,0.8217,0,1]},
{"frame":49,"values":[0.4275,0.8735,0.233,0,-0.3118,0.3843,-0.869,0,-0.8486,0.2988,0.4366,0,0,0.8217,0,1]},
{"frame":50,"values":[0.3933,0.877,0.2761,0,-0.2913,0.4037,-0.8673,0,-0.872,0.2607,0.4143,0,0,0.8217,0,1]},
{"frame":51,"values":[0.3665,0.8755,0.3149,0,-0.2779,0.426,-0.861,0,-0.8879,0.2281,0.3994,0,0,0.8217,0,1]},
{"frame":52,"values":[0.3439,0.869,0.3559,0,-0.2673,0.4539,-0.85,0,-0.9002,0.1972,0.3883,0,0,0.8217,0,1]},
{"frame":53,"values":[0.3258,0.8573,0.3986,0,-0.2594,0.4865,-0.8343,0,-0.9092,0.1684,0.3808,0,0,0.8217,0,1]},
{"frame":54,"values":[0.3124,0.841,0.4417,0,-0.2537,0.5219,-0.8144,0,-0.9155,0.1423,0.3764,0,0,0.8217,0,1]},
{"frame":55,"values":[0.3031,0.8213,0.4833,0,-0.2494,0.5579,-0.7916,0,-0.9197,0.1194,0.3739,0,0,0.8217,0,1]},
{"frame":56,"values":[0.2969,0.8001,0.5213,0,-0.2454,0.5915,-0.7681,0,-0.9228,0.1002,0.3719,0,0,0.8217,0,1]},
{"frame":57,"values":[0.2923,0.7797,0.5538,0,-0.2407,0.6204,-0.7464,0,-0.9255,0.0849,0.369,0,0,0.8217,0,1]},
{"frame":58,"values":[0.2877,0.7623,0.5798,0,-0.2347,0.6431,-0.729,0,-0.9285,0.0736,0.3639,0,0,0.8217,0,1]},
{"frame":59,"values":[0.2819,0.7493,0.5992,0,-0.2271,0.6589,-0.7171,0,-0.9322,0.0661,0.3559,0,0,0.8217,0,1]},
{"frame":60,"values":[0.2743,0.7416,0.6123,0,-0.2178,0.668,-0.7116,0,-0.9367,0.0618,0.3447,0,0,0.8217,0,1]},
{"frame":61,"values":[0.2644,0.7388,0.6199,0,-0.2058,0.6712,-0.7121,0,-0.9422,0.0606,0.3295,0,0,0.8217,0,1]},
{"frame":62,"values":[0.2522,0.7409,0.6225,0,-0.1902,0.6687,-0.7188,0,-0.9488,0.0629,0.3095,0,0,0.8217,0,1]},
{"frame":63,"values":[0.2385,0.7477,0.6198,0,-0.1706,0.6605,-0.7312,0,-0.956,0.0686,0.2851,0,0,0.8217,0,1]},
{"frame":64,"values":[0.2242,0.7586,0.6118,0,-0.1476,0.647,-0.7481,0,-0.9633,0.0774,0.257,0,0,0.8217,0,1]},
{"frame":65,"values":[0.2109,0.7722,0.5994,0,-0.122,0.6292,-0.7676,0,-0.9699,0.0888,0.2269,0,0,0.8217,0,1]},
{"frame":66,"values":[0.2001,0.7866,0.5842,0,-0.0954,0.609,-0.7874,0,-0.9751,0.1018,0.1969,0,0,0.8217,0,1]},
{"frame":67,"values":[0.193,0.7999,0.5683,0,-0.0699,0.5889,-0.8052,0,-0.9787,0.1157,0.1695,0,0,0.8217,0,1]},
{"frame":68,"values":[0.1901,0.8107,0.5538,0,-0.047,0.5709,-0.8197,0,-0.9806,0.1298,0.1466,0,0,0.8217,0,1]},
{"frame":69,"values":[0.1913,0.8181,0.5423,0,-0.0279,0.5568,-0.8302,0,-0.9811,0.1437,0.1294,0,0,0.8217,0,1]},
{"frame":70,"values":[0.1963,0.8219,0.5348,0,-0.0131,0.5475,-0.8367,0,-0.9805,0.1573,0.1182,0,0,0.8217,0,1]},
{"frame":71,"values":[0.2124,0.8228,0.5271,0,-0.0047,0.5403,-0.8415,0,-0.9772,0.1763,0.1186,0,0,0.8217,0,1]},
{"frame":72,"values":[0.2471,0.8209,0.5148,0,-0.0051,0.5324,-0.8465,0,-0.969,0.2066,0.1357,0,0,0.8217,0,1]},
{"frame":73,"values":[0.2986,0.8149,0.4967,0,-0.0143,0.5242,-0.8514,0,-0.9543,0.2472,0.1682,0,0,0.8217,0,1]},
{"frame":74,"values":[0.3625,0.8035,0.4722,0,-0.0316,0.5169,-0.8555,0,-0.9315,0.2952,0.2127,0,0,0.8217,0,1]},
{"frame":75,"values":[0.4313,0.7867,0.4417,0,-0.0544,0.5113,-0.8577,0,-0.9006,0.3459,0.2633,0,0,0.8217,0,1]},
{"frame":76,"values":[0.4965,0.7661,0.4081,0,-0.0791,0.5081,-0.8577,0,-0.8644,0.3936,0.3129,0,0,0.8217,0,1]},
{"frame":77,"values":[0.5509,0.7452,0.3758,0,-0.1018,0.5069,-0.8559,0,-0.8283,0.4333,0.3552,0,0,0.8217,0,1]},
{"frame":78,"values":[0.5903,0.7275,0.3495,0,-0.1196,0.5071,-0.8535,0,-0.7982,0.4621,0.3864,0,0,0.8217,0,1]},
{"frame":79,"values":[0.6136,0.7161,0.3328,0,-0.1306,0.5077,-0.8516,0,-0.7787,0.4791,0.405,0,0,0.8217,0,1]},
{"frame":80,"values":[0.6211,0.7122,0.3271,0,-0.1343,0.5079,-0.8509,0,-0.7721,0.4846,0.4112,0,0,0.8217,0,1]}],"loopBehavior":1,"name":"anim","property":"_matrix"}},
{"name":"LowerLeftArm","index":6,"matrix":[0.9172,-0.2722,0.2908,0,0.3223,0.9362,-0.1403,0,-0.234,0.2224,0.9465,0,0,1.9785,0,1],"rest":[1,0,0,0,0,1,0,0,0,0,1,0,0,1.9785,0,1],"parentBoneIndex":5,"length":2.0001
,"animation":{"dataType":3,"framePerSecond":25,"keys":[
{"frame":0,"values":[0.7071,-0.7021,0.0837,0,0.7009,0.7116,0.0478,0,-0.0932,0.0249,0.9953,0,0,1.9785,0,1]},
{"frame":1,"values":[0.7104,-0.6988,0.0837,0,0.697,0.7151,0.0539,0,-0.0975,0.0201,0.995,0,0,1.9785,0,1]},
{"frame":2,"values":[0.7203,-0.6886,0.0838,0,0.6848,0.7251,0.0721,0,-0.1104,0.0055,0.9939,0,0,1.9785,0,1]},
{"frame":3,"values":[0.736,-0.6717,0.0845,0,0.6642,0.7406,0.1017,0,-0.1309,-0.0187,0.9912,0,0,1.9785,0,1]},
{"frame":4,"values":[0.7558,-0.649,0.0865,0,0.6357,0.7591,0.1403,0,-0.1567,-0.0511,0.9863,0,0,1.9785,0,1]},
{"frame":5,"values":[0.7774,-0.6226,0.0901,0,0.6014,0.7775,0.1838,0,-0.1845,-0.0887,0.9788,0,0,1.9785,0,1]},
{"frame":6,"values":[0.7977,-0.5954,0.0952,0,0.5651,0.7933,0.2267,0,-0.2105,-0.127,0.9693,0,0,1.9785,0,1]},
{"frame":7,"values":[0.8147,-0.5711,0.101,0,0.5315,0.8049,0.2639,0,-0.232,-0.1613,0.9593,0,0,1.9785,0,1]},
{"frame":8,"values":[0.8269,-0.5522,0.1061,0,0.505,0.8123,0.2919,0,-0.2474,-0.1877,0.9506,0,0,1.9785,0,1]},
{"frame":9,"values":[0.8341,-0.5405,0.1096,0,0.4883,0.8162,0.3088,0,-0.2564,-0.2041,0.9448,0,0,1.9785,0,1]},
{"frame":10,"values":[0.8365,-0.5367,0.1108,0,0.4827,0.8174,0.3144,0,-0.2593,-0.2095,0.9428,0,0,1.9785,0,1]},
{"frame":11,"values":[0.8355,-0.5384,0.1103,0,0.4852,0.8169,0.3119,0,-0.258,-0.2071,0.9437,0,0,1.9785,0,1]},
{"frame":12,"values":[0.8323,-0.5436,0.1087,0,0.4927,0.8152,0.3044,0,-0.2541,-0.1998,0.9463,0,0,1.9785,0,1]},
{"frame":13,"values":[0.8269,-0.5522,0.1061,0,0.505,0.8123,0.2919,0,-0.2474,-0.1877,0.9506,0,0,1.9785,0,1]},
{"frame":14,"values":[0.8193,-0.5641,0.1028,0,0.5217,0.8078,0.2744,0,-0.2378,-0.1711,0.9561,0,0,1.9785,0,1]},
{"frame":15,"values":[0.8095,-0.5787,0.0991,0,0.5421,0.8015,0.2524,0,-0.2255,-0.1506,0.9625,0,0,1.9785,0,1]},
{"frame":16,"values":[0.7977,-0.5954,0.0952,0,0.5651,0.7933,0.2267,0,-0.2105,-0.127,0.9693,0,0,1.9785,0,1]},
{"frame":17,"values":[0.7844,-0.6134,0.0917,0,0.5893,0.7832,0.1984,0,-0.1935,-0.1016,0.9758,0,0,1.9785,0,1]},
{"frame":18,"values":[0.7702,-0.6316,0.0887,0,0.6133,0.7716,0.1691,0,-0.1752,-0.0758,0.9816,0,0,1.9785,0,1]},
{"frame":19,"values":[0.7558,-0.649,0.0865,0,0.6357,0.7591,0.1403,0,-0.1567,-0.0511,0.9863,0,0,1.9785,0,1]},
{"frame":20,"values":[0.7422,-0.6647,0.085,0,0.6555,0.7465,0.1137,0,-0.1391,-0.0287,0.9899,0,0,1.9785,0,1]},
{"frame":21,"values":[0.7302,-0.6781,0.0842,0,0.672,0.7349,0.0907,0,-0.1233,-0.0096,0.9923,0,0,1.9785,0,1]},
{"frame":22,"values":[0.7203,-0.6886,0.0838,0,0.6848,0.7251,0.0721,0,-0.1104,0.0055,0.9939,0,0,1.9785,0,1]},
{"frame":23,"values":[0.713,-0.6961,0.0837,0,0.6939,0.7177,0.0586,0,-0.1009,0.0163,0.9948,0,0,1.9785,0,1]},
{"frame":24,"values":[0.7086,-0.7006,0.0837,0,0.6992,0.7132,0.0505,0,-0.0951,0.0228,0.9952,0,0,1.9785,0,1]},
{"frame":25,"values":[0.7071,-0.7021,0.0837,0,0.7009,0.7116,0.0478,0,-0.0932,0.0249,0.9953,0,0,1.9785,0,1]},
{"frame":30,"values":[0.9172,-0.2722,0.2908,0,0.3223,0.9362,-0.1403,0,-0.234,0.2224,0.9465,0,0,1.9785,0,1]},
{"frame":31,"values":[0.918,-0.2711,0.2895,0,0.3206,0.9369,-0.1392,0,-0.2335,0.2205,0.947,0,0,1.9785,0,1]},
{"frame":32,"values":[0.9203,-0.2676,0.2854,0,0.3152,0.9393,-0.1358,0,-0.2317,0.2149,0.9487,0,0,1.9785,0,1]},
{"frame":33,"values":[0.9242,-0.2615,0.2783,0,0.3061,0.943,-0.1304,0,-0.2284,0.2057,0.9516,0,0,1.9785,0,1]},
{"frame":34,"values":[0.9296,-0.2528,0.2683,0,0.2934,0.948,-0.1235,0,-0.2231,0.1935,0.9554,0,0,1.9785,0,1]},
{"frame":35,"values":[0.9361,-0.2418,0.2555,0,0.278,0.9536,-0.1158,0,-0.2157,0.1794,0.9598,0,0,1.9785,0,1]},
{"frame":36,"values":[0.9431,-0.2292,0.2408,0,0.2608,0.9593,-0.1084,0,-0.2061,0.165,0.9645,0,0,1.9785,0,1]},
{"frame":37,"values":[0.9502,-0.2157,0.2248,0,0.2432,0.9646,-0.1024,0,-0.1947,0.1519,0.969,0,0,1.9785,0,1]},
{"frame":38,"values":[0.9569,-0.2022,0.2083,0,0.2262,0.9691,-0.0984,0,-0.182,0.1413,0.9731,0,0,1.9785,0,1]},
{"frame":39,"values":[0.963,-0.1893,0.192,0,0.2106,0.9727,-0.0971,0,-0.1684,0.1339,0.9766,0,0,1.9785,0,1]},
{"frame":40,"values":[0.9682,-0.1776,0.1762,0,0.1968,0.9755,-0.0984,0,-0.1544,0.13,0.9794,0,0,1.9785,0,1]},
{"frame":41,"values":[0.9732,-0.1648,0.1605,0,0.1832,0.9772,-0.1075,0,-0.1391,0.134,0.9812,0,0,1.9785,0,1]},
{"frame":42,"values":[0.9783,-0.1489,0.1441,0,0.1678,0.9773,-0.1292,0,-0.1216,0.1505,0.9811,0,0,1.9785,0,1]},
{"frame":43,"values":[0.9833,-0.1308,0.1266,0,0.1506,0.9751,-0.1626,0,-0.1022,0.1789,0.9785,0,0,1.9785,0,1]},
{"frame":44,"values":[0.9879,-0.1117,0.1074,0,0.1319,0.9698,-0.2051,0,-0.0813,0.2168,0.9728,0,0,1.9785,0,1]},
{"frame":45,"values":[0.9919,-0.0935,0.0865,0,0.1126,0.9611,-0.2521,0,-0.0595,0.2598,0.9638,0,0,1.9785,0,1]},
{"frame":46,"values":[0.9949,-0.0782,0.0641,0,0.0938,0.9499,-0.2982,0,-0.0376,0.3027,0.9524,0,0,1.9785,0,1]},
{"frame":47,"values":[0.9969,-0.067,0.0409,0,0.0769,0.938,-0.338,0,-0.0157,0.3401,0.9403,0,0,1.9785,0,1]},
{"frame":48,"values":[0.998,-0.0606,0.0178,0,0.0629,0.9278,-0.3679,0,0.0058,0.3682,0.9297,0,0,1.9785,0,1]},
{"frame":49,"values":[0.9983,-0.0589,-0.0047,0,0.0525,0.921,-0.3861,0,0.0271,0.3851,0.9225,0,0,1.9785,0,1]},
{"frame":50,"values":[0.9978,-0.0614,-0.0262,0,0.0462,0.9187,-0.3923,0,0.0482,0.3902,0.9194,0,0,1.9785,0,1]},
{"frame":51,"values":[0.9966,-0.066,-0.0495,0,0.0417,0.9208,-0.3879,0,0.0711,0.3845,0.9204,0,0,1.9785,0,1]},
{"frame":52,"values":[0.9945,-0.0711,-0.0767,0,0.0374,0.9269,-0.3733,0,0.0977,0.3684,0.9245,0,0,1.9785,0,1]},
{"frame":53,"values":[0.9913,-0.0763,-0.1073,0,0.0343,0.9365,-0.3489,0,0.1271,0.3422,0.931,0,0,1.9785,0,1]},
{"frame":54,"values":[0.9868,-0.0815,-0.1396,0,0.0337,0.9482,-0.3159,0,0.1582,0.307,0.9385,0,0,1.9785,0,1]},
{"frame":55,"values":[0.9814,-0.0866,-0.1714,0,0.0363,0.9601,-0.2772,0,0.1886,0.2658,0.9454,0,0,1.9785,0,1]},
{"frame":56,"values":[0.9754,-0.0919,-0.2002,0,0.0428,0.9706,-0.237,0,0.2161,0.2226,0.9507,0,0,1.9785,0,1]},
{"frame":57,"values":[0.9697,-0.0981,-0.2237,0,0.0529,0.9784,-0.1996,0,0.2384,0.1817,0.954,0,0,1.9785,0,1]},
{"frame":58,"values":[0.9648,-0.1058,-0.2406,0,0.0658,0.9835,-0.1688,0,0.2544,0.147,0.9558,0,0,1.9785,0,1]},
{"frame":59,"values":[0.9612,-0.1157,-0.2504,0,0.0805,0.9859,-0.1466,0,0.2639,0.1207,0.957,0,0,1.9785,0,1]},
{"frame":60,"values":[0.9589,-0.1279,-0.2534,0,0.0962,0.9863,-0.1338,0,0.267,0.1039,0.9581,0,0,1.9785,0,1]},
{"frame":61,"values":[0.9564,-0.1461,-0.2527,0,0.117,0.985,-0.1268,0,0.2674,0.0917,0.9592,0,0,1.9785,0,1]},
{"frame":62,"values":[0.9522,-0.1736,-0.2513,0,0.1467,0.9816,-0.1222,0,0.2679,0.0795,0.9602,0,0,1.9785,0,1]},
{"frame":63,"values":[0.9457,-0.2092,-0.2487,0,0.1843,0.9755,-0.12,0,0.2677,0.0676,0.9611,0,0,1.9785,0,1]},
{"frame":64,"values":[0.9367,-0.2507,-0.2445,0,0.2274,0.9664,-0.1197,0,0.2663,0.0566,0.9622,0,0,1.9785,0,1]},
{"frame":65,"values":[0.9256,-0.2942,-0.2382,0,0.2723,0.9546,-0.1209,0,0.263,0.047,0.9637,0,0,1.9785,0,1]},
{"frame":66,"values":[0.9137,-0.3353,-0.2297,0,0.3146,0.9413,-0.1226,0,0.2573,0.0397,0.9655,0,0,1.9785,0,1]},
{"frame":67,"values":[0.9028,-0.3701,-0.219,0,0.3505,0.9283,-0.1239,0,0.2492,0.0351,0.9678,0,0,1.9785,0,1]},
{"frame":68,"values":[0.8948,-0.3958,-0.2065,0,0.3773,0.9177,-0.1241,0,0.2386,0.0331,0.9705,0,0,1.9785,0,1]},
{"frame":69,"values":[0.8909,-0.4113,-0.1926,0,0.3939,0.9109,-0.123,0,0.226,0.0337,0.9736,0,0,1.9785,0,1]},
{"frame":70,"values":[0.8917,-0.4164,-0.1775,0,0.4003,0.9085,-0.1204,0,0.2114,0.0363,0.9767,0,0,1.9785,0,1]},
{"frame":71,"values":[0.8971,-0.4142,-0.1539,0,0.3996,0.9091,-0.1177,0,0.1886,0.0441,0.9811,0,0,1.9785,0,1]},
{"frame":72,"values":[0.9062,-0.4073,-0.1137,0,0.395,0.9113,-0.116,0,0.1509,0.0602,0.9867,0,0,1.9785,0,1]},
{"frame":73,"values":[0.9169,-0.3948,-0.0581,0,0.3867,0.9149,-0.1158,0,0.0989,0.0837,0.9916,0,0,1.9785,0,1]},
{"frame":74,"values":[0.9262,-0.3768,0.0093,0,0.3752,0.9195,-0.1174,0,0.0357,0.1123,0.993,0,0,1.9785,0,1]},
{"frame":75,"values":[0.9316,-0.3542,0.0821,0,0.3621,0.9242,-0.121,0,-0.033,0.1424,0.9893,0,0,1.9785,0,1]},
{"frame":76,"values":[0.9318,-0.3296,0.1521,0,0.349,0.9286,-0.126,0,-0.0997,0.1705,0.9803,0,0,1.9785,0,1]},
{"frame":77,"values":[0.9281,-0.3064,0.2117,0,0.3377,0.932,-0.1314,0,-0.157,0.1934,0.9685,0,0,1.9785,0,1]},
{"frame":78,"values":[0.9229,-0.2879,0.2557,0,0.3292,0.9344,-0.1361,0,-0.1998,0.2098,0.9571,0,0,1.9785,0,1]},
{"frame":79,"values":[0.9188,-0.2762,0.2821,0,0.324,0.9358,-0.1392,0,-0.2256,0.2193,0.9492,0,0,1.9785,0,1]},
{"frame":80,"values":[0.9172,-0.2722,0.2908,0,0.3223,0.9362,-0.1403,0,-0.234,0.2224,0.9465,0,0,1.9785,0,1]}],"loopBehavior":1,"name":"anim","property":"_matrix"}},
{"name":"RightArmRoot","index":7,"matrix":[0,0,1,0,1,0,0,0,0,1,0,0,0,1.2649,0,1],"rest":[0,0,1,0,1,0,0,0,0,1,0,0,0,1.2649,0,1],"parentBoneIndex":1,"length":0.8325
,"animation":{"dataType":3,"framePerSecond":25,"keys":[
{"frame":0,"values":[0,0,1,0,1,0,0,0,0,1,0,0,0,1.2649,0,1]},
